0 0.05099394987035436 0.5139130434782608 0.06568712186689715 0.13043478260869565
0 0.12489196197061365 0.43826086956521737 0.06136560069144339 0.12521739130434784
0 0.21175453759723423 0.528695652173913 0.06222990492653414 0.14608695652173914
0 0.287381158167675 0.4408695652173913 0.06136560069144339 0.12
0 0.40751944684528957 0.5260869565217391 0.06136560069144339 0.15478260869565216
0 0.4710458081244598 0.4547826086956522 0.06395851339671564 0.11304347826086956
0 0.5635263612791702 0.5530434782608695 0.06741573033707865 0.1356521739130435
0 0.621866897147796 0.46260869565217394 0.06482281763180639 0.11826086956521739
0 0.7216940363007779 0.551304347826087 0.06741573033707865 0.12173913043478261
0 0.7757130509939498 0.46695652173913044 0.06309420916162489 0.11652173913043479
0 0.8777009507346586 0.5643478260869565 0.07000864304235091 0.1373913043478261
0 0.9269662921348315 0.4817391304347826 0.059636992221261884 0.11826086956521739
