0 0.1190917516218721 0.13060278207109738 0.08989805375347544 0.13137557959814528
0 0.10426320667284522 0.4095826893353941 0.08619091751621873 0.1267387944358578
0 0.1010194624652456 0.5455950540958269 0.0871177015755329 0.1267387944358578
0 0.25903614457831325 0.10896445131375579 0.0639481000926784 0.12828438948995363
0 0.26506024096385544 0.2542503863987635 0.0778498609823911 0.13446676970633695
0 0.26737720111214086 0.40030911901081917 0.08989805375347544 0.12982998454404945
0 0.2562557924003707 0.5471406491499228 0.0639481000926784 0.12982998454404945
0 0.2706209453197405 0.6970633693972179 0.0871177015755329 0.1267387944358578
0 0.26737720111214086 0.8438948995363215 0.08804448563484708 0.1267387944358578
0 0.48378127896200185 0.6939721792890263 0.0778498609823911 0.13292117465224113
0 0.4819277108433735 0.8508500772797527 0.0778498609823911 0.12210200927357033
0 0.6923076923076923 0.08578052550231839 0.061167747914735865 0.13137557959814528
0 0.6978683966635774 0.23338485316846985 0.07414272474513438 0.12982998454404945
0 0.696014828544949 0.5316846986089645 0.07599629286376275 0.12982998454404945
0 0.6969416126042632 0.7024729520865534 0.07599629286376275 0.13137557959814528
0 0.9091751621872104 0.23647604327666152 0.0778498609823911 0.1267387944358578
0 0.9096385542168675 0.38176197836166925 0.08063021316033364 0.1267387944358578
0 0.906858202038925 0.5293663060278208 0.082483781278962 0.13137557959814528
0 0.9036144578313253 0.8446676970633694 0.07970342910101946 0.14064914992272023
