0 0.33067542213883677 0.09443631039531479 0.09849906191369606 0.1390922401171303
0 0.23123827392120075 0.18374816983894582 0.08536585365853659 0.13323572474377746
0 0.150093808630394 0.32210834553440704 0.08442776735459662 0.1376281112737921
0 0.17073170731707318 0.5915080527086384 0.06191369606003752 0.11127379209370425
0 0.26407129455909945 0.5629575402635432 0.08724202626641651 0.13616398243045388
0 0.36632270168855535 0.5102489019033675 0.09287054409005628 0.14202049780380674
0 0.46857410881801126 0.4685212298682284 0.08724202626641651 0.1493411420204978
0 0.5727016885553471 0.445095168374817 0.08724202626641651 0.1493411420204978
0 0.6909005628517824 0.43045387994143486 0.09662288930581614 0.1493411420204978
0 0.18198874296435272 0.8704245973645681 0.07317073170731707 0.13030746705710103
0 0.35365853658536583 0.8235724743777453 0.06191369606003752 0.11859443631039532
0 0.46153846153846156 0.8579795021961932 0.08818011257035648 0.1581259150805271
0 0.5797373358348968 0.8535871156661786 0.10318949343339587 0.17276720351390923
0 0.699812382739212 0.8074670571010248 0.09193245778611632 0.1800878477306003
0 0.8072232645403377 0.7693997071742313 0.08348968105065666 0.1390922401171303
0 0.9146341463414634 0.7408491947291361 0.07879924953095685 0.14641288433382138
