0 0.1000827129859388 0.15595075239398085 0.06286186931348221 0.08207934336525308
0 0.07857733664185278 0.3030095759233926 0.09429280397022333 0.12175102599179206
0 0.0827129859387924 0.4582763337893297 0.09760132340777503 0.12311901504787962
0 0.08064516129032258 0.6114911080711354 0.052109181141439205 0.09028727770177838
0 0.051695616211745246 0.7038303693570451 0.065343258891646 0.07797537619699042
0 0.04921422663358147 0.8160054719562243 0.07030603804797353 0.08071135430916553
0 0.31555004135649295 0.08344733242134063 0.062034739454094295 0.07934336525307797
0 0.3027295285359802 0.19493844049247605 0.06947890818858561 0.08071135430916553
0 0.3134822167080232 0.307797537619699 0.07278742762613731 0.08207934336525308
0 0.2919768403639371 0.5116279069767442 0.06451612903225806 0.08755129958960328
0 0.2783291976840364 0.6292749658002736 0.07692307692307693 0.08481532147742818
0 0.314722911497105 0.7387140902872777 0.07361455748552523 0.08207934336525308
0 0.2162944582299421 0.8283173734610123 0.04714640198511166 0.11354309165526676
0 0.3200992555831266 0.8495212038303693 0.06451612903225806 0.11491108071135431
0 0.6464019851116626 0.1600547195622435 0.062034739454094295 0.07387140902872777
0 0.6385442514474773 0.2667578659370725 0.05789909015715467 0.07387140902872777
0 0.6298593879239041 0.3700410396716826 0.06368899917287014 0.06976744186046512
0 0.5918114143920595 0.47537619699042405 0.05707196029776675 0.09712722298221614
0 0.6137303556658396 0.5861833105335157 0.07113316790736146 0.08344733242134063
0 0.6050454921422663 0.7770177838577291 0.06368899917287014 0.08481532147742818
0 0.6058726220016543 0.9001367989056087 0.062034739454094295 0.09302325581395349
0 0.674937965260546 0.9028727770177839 0.05955334987593052 0.07387140902872777
0 0.8531844499586435 0.06087551299589603 0.07030603804797353 0.08891928864569083
0 0.825889164598842 0.1744186046511628 0.07361455748552523 0.07797537619699042
0 0.8626964433416047 0.2647058823529412 0.06947890818858561 0.07797537619699042
0 0.8655913978494624 0.387140902872777 0.06368899917287014 0.1012311901504788
0 0.8304383788254756 0.5294117647058824 0.08933002481389578 0.08207934336525308
0 0.8722084367245657 0.6367989056087552 0.07692307692307693 0.07797537619699042
0 0.8755169561621174 0.7503419972640218 0.058726220016542596 0.08071135430916553
0 0.8738626964433416 0.9021887824897401 0.052109181141439205 0.10807113543091655
0 0.9545078577336642 0.36730506155950754 0.05459057071960298 0.11901504787961696
