0 0.08507604562737643 0.16040688575899845 0.07509505703422054 0.10485133020344288
0 0.10646387832699619 0.4616588419405321 0.08935361216730038 0.14397496087636932
0 0.19724334600760457 0.47965571205007823 0.04657794676806084 0.0892018779342723
0 0.2899239543726236 0.4788732394366197 0.08555133079847908 0.15023474178403756
0 0.37832699619771865 0.4327073552425665 0.06273764258555133 0.07981220657276995
0 0.42870722433460073 0.2949921752738654 0.08365019011406843 0.12363067292644757
0 0.5389733840304183 0.19092331768388107 0.08365019011406843 0.162754303599374
0 0.6283269961977186 0.20344287949921752 0.051330798479087454 0.11267605633802817
0 0.6981939163498099 0.2112676056338028 0.05038022813688213 0.09389671361502347
0 0.7884980988593155 0.22300469483568075 0.06939163498098859 0.15492957746478872
0 0.8669201520912547 0.21439749608763695 0.049429657794676805 0.10641627543035993
0 0.9377376425855514 0.22535211267605634 0.05038022813688213 0.1189358372456964
0 0.09505703422053231 0.8458528951486698 0.07604562737642585 0.13928012519561817
0 0.1806083650190114 0.8231611893583725 0.07604562737642585 0.14710485133020346
0 0.2785171102661597 0.8325508607198748 0.0741444866920152 0.13458528951486698
0 0.37024714828897337 0.9123630672926447 0.05228136882129278 0.06259780907668232
0 0.6863117870722434 0.5438184663536776 0.051330798479087454 0.09233176838810642
0 0.7476235741444867 0.5508607198748043 0.04657794676806084 0.09389671361502347
0 0.8098859315589354 0.55320813771518 0.04182509505703422 0.09233176838810642
0 0.8688212927756654 0.5563380281690141 0.045627376425855515 0.08294209702660407
0 0.6796577946768061 0.8591549295774648 0.043726235741444866 0.07198748043818466
0 0.8003802281368821 0.8677621283255086 0.049429657794676805 0.06729264475743349
