0 0.19315673289183222 0.44214372716199757 0.07505518763796909 0.0730816077953715
0 0.2897350993377483 0.46224116930572473 0.076158940397351 0.07186358099878197
0 0.12527593818984548 0.6023142509135201 0.08057395143487858 0.08160779537149818
0 0.22626931567328917 0.6224116930572473 0.08167770419426049 0.0828258221680877
0 0.06070640176600441 0.7143727161997564 0.0772626931567329 0.07186358099878197
0 0.41887417218543044 0.6632155907429963 0.08057395143487858 0.08160779537149818
0 0.42770419426048567 0.8118148599269184 0.05849889624724062 0.10840438489646773
0 0.5093818984547461 0.8270401948842875 0.05849889624724062 0.10475030450669914
0 0.6076158940397351 0.8349573690621194 0.04966887417218543 0.07917174177831912
0 0.6837748344370861 0.5560292326431181 0.04966887417218543 0.06942752740560293
0 0.7522075055187638 0.5651644336175395 0.04304635761589404 0.06577344701583435
0 0.9514348785871964 0.7271619975639464 0.08388520971302428 0.0779537149817296
