6 0.5218023255813954 0.6007109004739336 0.5494186046511628 0.514218009478673
4 0.8401162790697675 0.5071090047393365 0.06395348837209303 0.13270142180094788
4 0.8866279069767442 0.5023696682464455 0.06686046511627906 0.13270142180094788
4 0.7390988372093024 0.3708530805687204 0.059593023255813955 0.13033175355450238
4 0.779796511627907 0.36611374407582936 0.056686046511627904 0.13033175355450238
4 0.8212209302325582 0.3613744075829384 0.055232558139534885 0.12085308056872038
4 0.8590116279069767 0.35545023696682465 0.05813953488372093 0.11848341232227488
4 0.7667151162790697 0.23459715639810427 0.059593023255813955 0.11848341232227488
4 0.8088662790697675 0.22748815165876776 0.059593023255813955 0.11374407582938388
3 0.5763081395348837 0.12677725118483413 0.12354651162790697 0.14454976303317535
