6 0.22162645218945487 0.4808970099667774 0.3735478105451296 0.41029900332225916
4 0.4740840035746202 0.4958471760797342 0.06881143878462913 0.07807308970099668
4 0.4647006255585344 0.5473421926910299 0.06255585344057193 0.07142857142857142
4 0.45621090259159963 0.5980066445182725 0.06344950848972297 0.07308970099667775
4 0.4459338695263628 0.6503322259136213 0.06613047363717604 0.07475083056478406
4 0.43476318141197495 0.7018272425249169 0.06702412868632708 0.07475083056478406
3 0.5884718498659517 0.07807308970099668 0.08847184986595175 0.1362126245847176
3 0.5773011617515639 0.8446843853820598 0.08579088471849866 0.1345514950166113
3 0.8583556747095621 0.1270764119601329 0.07238605898123325 0.09800664451827243
3 0.9066130473637176 0.8073089700996677 0.10991957104557641 0.1760797342192691
