7 0.4096806387225549 0.11056105610561057 0.17465069860279442 0.15181518151815182
7 0.4156686626746507 0.18151815181518152 0.17065868263473055 0.1254125412541254
7 0.5898203592814372 0.10808580858085809 0.1317365269461078 0.12706270627062707
7 0.4496007984031936 0.29372937293729373 0.18862275449101795 0.15841584158415842
7 0.8617764471057884 0.09653465346534654 0.156686626746507 0.11056105610561057
7 0.8572854291417166 0.23844884488448845 0.17564870259481039 0.12376237623762376
7 0.8388223552894212 0.38778877887788776 0.17465069860279442 0.12871287128712872
7 0.8243512974051896 0.5354785478547854 0.11776447105788423 0.11716171617161716
1 0.6017964071856288 0.3712871287128713 0.04590818363273453 0.1485148514851485
4 0.10978043912175649 0.6938943894389439 0.04590818363273453 0.08745874587458746
4 0.14520958083832336 0.6765676567656765 0.04491017964071856 0.07920792079207921
4 0.1217564870259481 0.8118811881188119 0.0499001996007984 0.09570957095709572
4 0.15568862275449102 0.7904290429042904 0.04590818363273453 0.09900990099009901
4 0.19610778443113772 0.7706270627062707 0.04491017964071856 0.09570957095709572
4 0.22904191616766467 0.7541254125412541 0.04491017964071856 0.0924092409240924
