1 0.3611550632911392 0.35916919959473154 0.027689873417721517 0.12664640324214793
1 0.48575949367088606 0.4533941236068896 0.03639240506329114 0.07801418439716312
1 0.6348892405063291 0.7365754812563323 0.048259493670886076 0.09321175278622088
1 0.7381329113924051 0.11904761904761904 0.061708860759493674 0.08814589665653495
1 0.7915348101265823 0.414387031408308 0.07041139240506329 0.09929078014184398
2 0.10640822784810126 0.05217831813576494 0.05458860759493671 0.07193515704154002
2 0.16020569620253164 0.06332320162107397 0.051424050632911396 0.06990881458966565
2 0.21598101265822786 0.07446808510638298 0.05221518987341772 0.06788247213779129
2 0.2701740506329114 0.0851063829787234 0.049841772151898736 0.07092198581560284
2 0.04113924050632911 0.1038500506585613 0.04430379746835443 0.057750759878419454
2 0.03995253164556962 0.16818642350557245 0.043512658227848104 0.060790273556231005
2 0.04509493670886076 0.23353596757852077 0.0379746835443038 0.05167173252279635
2 0.043512658227848104 0.2887537993920973 0.0379746835443038 0.04660587639311044
2 0.11234177215189874 0.2001013171225937 0.0379746835443038 0.05369807497467072
2 0.14992088607594936 0.207193515704154 0.037183544303797465 0.05167173252279635
2 0.10957278481012658 0.2502532928064843 0.037183544303797465 0.0486322188449848
2 0.14794303797468356 0.2573454913880446 0.0379746835443038 0.0486322188449848
2 0.10759493670886076 0.2998986828774063 0.03639240506329114 0.05065856129685917
2 0.1463607594936709 0.30648429584599796 0.0379746835443038 0.04964539007092199
2 0.20094936708860758 0.21580547112462006 0.0379746835443038 0.0486322188449848
2 0.2389240506329114 0.22289766970618036 0.03639240506329114 0.0486322188449848
2 0.27689873417721517 0.22998986828774062 0.03955696202531646 0.04660587639311044
2 0.19778481012658228 0.26545086119554206 0.0379746835443038 0.0547112462006079
2 0.23536392405063292 0.2735562310030395 0.038765822784810125 0.05268490374873354
2 0.27412974683544306 0.2796352583586626 0.038765822784810125 0.05268490374873354
2 0.19382911392405064 0.31661600810536983 0.0379746835443038 0.05167173252279635
2 0.23299050632911392 0.3221884498480243 0.037183544303797465 0.05268490374873354
2 0.2701740506329114 0.32978723404255317 0.037183544303797465 0.05369807497467072
2 0.19462025316455697 0.4493414387031408 0.04430379746835443 0.05977710233029382
2 0.24723101265822786 0.4569402228976697 0.041930379746835444 0.05673758865248227
2 0.10522151898734178 0.12715298885511653 0.05063291139240506 0.06788247213779129
2 0.1574367088607595 0.13677811550151975 0.05063291139240506 0.07092198581560284
2 0.21242088607594936 0.14488348530901723 0.051424050632911396 0.0668693009118541
2 0.26542721518987344 0.15602836879432624 0.049841772151898736 0.06889564336372847
2 0.04311708860759494 0.02988855116514691 0.048259493670886076 0.04154002026342452
