1 0.6613566289825282 0.5047489823609227 0.040082219938335044 0.10312075983717775
1 0.8150051387461459 0.3141112618724559 0.03905447070914697 0.09362279511533243
1 0.7852004110996916 0.6248303934871099 0.04316546762589928 0.10176390773405698
2 0.632065775950668 0.694708276797829 0.045220966084275435 0.06512890094979647
2 0.6027749229188079 0.7469470827679783 0.044193216855087356 0.06377204884667571
2 0.697841726618705 0.7591587516960652 0.04316546762589928 0.06377204884667571
2 0.6695786228160329 0.8127544097693351 0.0421377183967112 0.06784260515603799
2 0.7425488180883865 0.816146540027137 0.046248715313463515 0.06648575305291723
2 0.7117163412127441 0.8697421981004071 0.0421377183967112 0.06512890094979647
2 0.4501541623843782 0.9151967435549525 0.045220966084275435 0.06377204884667571
2 0.5082219938335046 0.9185888738127544 0.046248715313463515 0.05970149253731343
