1 0.4954819277108434 0.37680115273775217 0.071285140562249 0.09654178674351585
1 0.803714859437751 0.27593659942363113 0.06927710843373494 0.04755043227665706
1 0.1646586345381526 0.4257925072046109 0.07630522088353414 0.07060518731988473
1 0.05773092369477912 0.7788184438040345 0.06726907630522089 0.03314121037463977
2 0.2560240963855422 0.13472622478386168 0.05622489959839357 0.08213256484149856
2 0.30220883534136544 0.16570605187319884 0.05622489959839357 0.08069164265129683
2 0.13704819277108435 0.7240634005763689 0.035140562248995984 0.05043227665706052
2 0.17319277108433734 0.7247838616714697 0.03714859437751004 0.05475504322766571
2 0.20883534136546184 0.723342939481268 0.03614457831325301 0.05187319884726225
2 0.24397590361445784 0.7247838616714697 0.03614457831325301 0.05475504322766571
2 0.15060240963855423 0.7860230547550432 0.040160642570281124 0.05043227665706052
2 0.18674698795180722 0.7838616714697406 0.03815261044176707 0.05475504322766571
2 0.22339357429718876 0.7867435158501441 0.03714859437751004 0.05475504322766571
2 0.25903614457831325 0.7867435158501441 0.03815261044176707 0.05187319884726225
2 0.20883534136546184 0.8443804034582133 0.03815261044176707 0.04899135446685879
2 0.25251004016064255 0.8494236311239193 0.04116465863453815 0.059077809798270896
2 0.20833333333333334 0.8962536023054755 0.03714859437751004 0.05763688760806916
2 0.25251004016064255 0.904178674351585 0.03714859437751004 0.05043227665706052
2 0.07178714859437751 0.9546109510086456 0.03714859437751004 0.056195965417867436
