2 0.07233796296296297 0.580739299610895 0.03935185185185185 0.058365758754863814
2 0.07349537037037036 0.6556420233463035 0.04861111111111111 0.07392996108949416
2 0.07494212962962964 0.7665369649805448 0.045717592592592594 0.07198443579766536
2 0.07494212962962964 0.85068093385214 0.048032407407407406 0.07295719844357977
2 0.13744212962962962 0.7096303501945526 0.045717592592592594 0.07101167315175097
2 0.13599537037037038 0.7835603112840467 0.04513888888888889 0.07295719844357977
2 0.13744212962962962 0.8608949416342413 0.04918981481481482 0.07003891050583658
2 0.1947337962962963 0.7037937743190662 0.045717592592592594 0.07490272373540856
2 0.1947337962962963 0.7816147859922179 0.048032407407407406 0.07295719844357977
2 0.2604166666666667 0.7047665369649806 0.04861111111111111 0.07879377431906615
2 0.2621527777777778 0.7830739299610895 0.04861111111111111 0.08171206225680934
2 0.26186342592592593 0.8818093385214008 0.050347222222222224 0.07684824902723736
2 0.3133680555555556 0.7003891050583657 0.046875 0.07587548638132295
2 0.31278935185185186 0.7811284046692607 0.048032407407407406 0.07782101167315175
2 0.3744212962962963 0.691147859922179 0.04282407407407408 0.061284046692607
2 0.3761574074074074 0.7563229571984436 0.04050925925925926 0.0632295719844358
2 0.37702546296296297 0.8346303501945526 0.041087962962962965 0.06420233463035019
2 0.37702546296296297 0.9007782101167315 0.041087962962962965 0.0622568093385214
2 0.4175347222222222 0.688715953307393 0.03993055555555555 0.06420233463035019
2 0.41608796296296297 0.7563229571984436 0.04050925925925926 0.05933852140077821
2 0.4195601851851852 0.8292801556420234 0.03935185185185185 0.057392996108949414
2 0.41869212962962965 0.8998054474708171 0.041087962962962965 0.06420233463035019
2 0.48032407407407407 0.7018482490272373 0.03935185185185185 0.061284046692607
2 0.5202546296296297 0.7042801556420234 0.037037037037037035 0.06420233463035019
2 0.4820601851851852 0.8010700389105059 0.04398148148148148 0.07879377431906615
2 0.47193287037037035 0.8925097276264592 0.043402777777777776 0.06712062256809338
2 0.5196759259259259 0.8925097276264592 0.04513888888888889 0.07295719844357977
2 0.4994212962962963 0.45038910505836577 0.04398148148148148 0.07003891050583658
2 0.5445601851851852 0.47568093385214005 0.04398148148148148 0.07003891050583658
2 0.6009837962962963 0.4688715953307393 0.045717592592592594 0.07782101167315175
2 0.6467013888888888 0.4698443579766537 0.046875 0.07587548638132295
2 0.5737847222222222 0.32003891050583655 0.043402777777777776 0.0622568093385214
2 0.6443865740740741 0.3535992217898833 0.041087962962962965 0.05933852140077821
2 0.7022569444444444 0.28842412451361865 0.043402777777777776 0.06712062256809338
2 0.7442129629629629 0.3142023346303502 0.032407407407407406 0.06031128404669261
2 0.7317708333333334 0.36040856031128404 0.036458333333333336 0.05544747081712062
2 0.7763310185185185 0.3560311284046693 0.041087962962962965 0.06420233463035019
2 0.6061921296296297 0.6809338521400778 0.04456018518518518 0.07587548638132295
2 0.5758101851851852 0.7898832684824902 0.03935185185185185 0.05642023346303502
2 0.5734953703703703 0.8409533073929961 0.034722222222222224 0.057392996108949414
2 0.5758101851851852 0.8925097276264592 0.03935185185185185 0.061284046692607
2 0.6209490740740741 0.7850194552529183 0.03587962962962963 0.058365758754863814
2 0.6200810185185185 0.8433852140077821 0.03761574074074074 0.05252918287937743
2 0.6200810185185185 0.8900778210116731 0.03761574074074074 0.05252918287937743
2 0.6741898148148148 0.7908560311284046 0.04513888888888889 0.07003891050583658
2 0.6739004629629629 0.8608949416342413 0.04456018518518518 0.06420233463035019
2 0.7274305555555556 0.7908560311284046 0.03819444444444445 0.058365758754863814
2 0.7251157407407407 0.857976653696498 0.03935185185185185 0.058365758754863814
2 0.7832754629629629 0.8278210116731517 0.045717592592592594 0.07392996108949416
2 0.8425925925925926 0.7821011673151751 0.03819444444444445 0.05252918287937743
2 0.8408564814814815 0.8375486381322957 0.034722222222222224 0.058365758754863814
2 0.8848379629629629 0.7757782101167315 0.04282407407407408 0.05544747081712062
2 0.8836805555555556 0.8263618677042801 0.041666666666666664 0.0632295719844358
2 0.9311342592592593 0.808852140077821 0.03819444444444445 0.05933852140077821
2 0.9664351851851852 0.7757782101167315 0.03935185185185185 0.061284046692607
1 0.28935185185185186 0.3458171206225681 0.056712962962962965 0.10797665369649806
1 0.45515046296296297 0.11867704280155641 0.06539351851851852 0.1245136186770428
2 0.6157407407407407 0.2602140077821012 0.03935185185185185 0.0632295719844358
