2 0.18586179507545672 0.12012195121951219 0.05242255758538523 0.07682926829268293
2 0.18586179507545672 0.20548780487804877 0.05242255758538523 0.08170731707317073
2 0.18586179507545672 0.33170731707317075 0.05242255758538523 0.07560975609756097
2 0.18586179507545672 0.4189024390243902 0.05242255758538523 0.08414634146341464
2 0.2335186656076251 0.11585365853658537 0.050833995234312944 0.08048780487804878
2 0.2335186656076251 0.20548780487804877 0.050833995234312944 0.07926829268292683
2 0.2335186656076251 0.33170731707317075 0.050833995234312944 0.07560975609756097
2 0.2335186656076251 0.4189024390243902 0.050833995234312944 0.08414634146341464
2 0.18705321683876092 0.5914634146341463 0.04686258935663225 0.08292682926829269
2 0.18705321683876092 0.697560975609756 0.04686258935663225 0.08536585365853659
2 0.18705321683876092 0.8268292682926829 0.04686258935663225 0.08048780487804878
2 0.18705321683876092 0.9170731707317074 0.04686258935663225 0.07073170731707316
2 0.2374900714853058 0.5914634146341463 0.050833995234312944 0.08292682926829269
2 0.2374900714853058 0.697560975609756 0.050833995234312944 0.08536585365853659
2 0.2374900714853058 0.8268292682926829 0.050833995234312944 0.08048780487804878
2 0.2374900714853058 0.9170731707317074 0.050833995234312944 0.07073170731707316
2 0.2887212073073868 0.5914634146341463 0.051628276409849086 0.08292682926829269
2 0.2887212073073868 0.697560975609756 0.051628276409849086 0.08536585365853659
2 0.2887212073073868 0.8268292682926829 0.051628276409849086 0.08048780487804878
2 0.2887212073073868 0.9170731707317074 0.051628276409849086 0.07073170731707316
2 0.3399523431294678 0.5914634146341463 0.050833995234312944 0.08292682926829269
2 0.3399523431294678 0.697560975609756 0.050833995234312944 0.08536585365853659
2 0.3399523431294678 0.8268292682926829 0.050833995234312944 0.08048780487804878
2 0.3399523431294678 0.9170731707317074 0.050833995234312944 0.07073170731707316
2 0.4495631453534551 0.2 0.054011119936457505 0.07560975609756097
2 0.4495631453534551 0.28780487804878047 0.054011119936457505 0.07560975609756097
2 0.5559968228752978 0.11646341463414635 0.050833995234312944 0.07682926829268293
2 0.5559968228752978 0.2048780487804878 0.050833995234312944 0.07317073170731707
2 0.5559968228752978 0.27195121951219514 0.050833995234312944 0.07560975609756097
2 0.5559968228752978 0.3445121951219512 0.050833995234312944 0.07926829268292683
2 0.5559968228752978 0.4140243902439024 0.050833995234312944 0.07195121951219512
2 0.6072279586973789 0.11646341463414635 0.056393963463065924 0.07682926829268293
2 0.6072279586973789 0.2048780487804878 0.056393963463065924 0.07317073170731707
2 0.6072279586973789 0.27195121951219514 0.056393963463065924 0.07560975609756097
2 0.6072279586973789 0.3445121951219512 0.056393963463065924 0.07926829268292683
2 0.6072279586973789 0.4140243902439024 0.056393963463065924 0.07195121951219512
2 0.4495631453534551 0.5896341463414634 0.050833995234312944 0.07439024390243902
2 0.4495631453534551 0.6957317073170731 0.050833995234312944 0.07926829268292683
2 0.4495631453534551 0.8274390243902439 0.050833995234312944 0.08170731707317073
2 0.5007942811755361 0.5896341463414634 0.048451151707704525 0.07439024390243902
2 0.5007942811755361 0.6957317073170731 0.048451151707704525 0.07926829268292683
2 0.5007942811755361 0.8274390243902439 0.048451151707704525 0.08170731707317073
2 0.5528196981731534 0.5896341463414634 0.050833995234312944 0.07439024390243902
2 0.5528196981731534 0.6957317073170731 0.050833995234312944 0.07926829268292683
2 0.5528196981731534 0.8274390243902439 0.050833995234312944 0.08170731707317073
2 0.6052422557585385 0.5896341463414634 0.050833995234312944 0.07439024390243902
2 0.6052422557585385 0.6957317073170731 0.050833995234312944 0.07926829268292683
2 0.6052422557585385 0.8274390243902439 0.050833995234312944 0.08170731707317073
2 0.8848292295472597 0.2701219512195122 0.04765687053216839 0.07926829268292683
2 0.9348689436060366 0.2701219512195122 0.04924543288324067 0.07926829268292683
2 0.8665607625099285 0.5926829268292683 0.04924543288324067 0.07804878048780488
2 0.9213661636219221 0.5926829268292683 0.04924543288324067 0.07804878048780488
2 0.8641779189833201 0.6908536585365853 0.04765687053216839 0.07439024390243902
2 0.9213661636219221 0.6908536585365853 0.04924543288324067 0.07439024390243902
2 0.8594122319301033 0.8182926829268292 0.050833995234312944 0.07804878048780488
2 0.9229547259729944 0.8182926829268292 0.054011119936457505 0.07804878048780488
