2 0.054591467823571944 0.14590964590964592 0.046999276934201015 0.07692307692307693
2 0.05350686912509038 0.26312576312576313 0.049168474331164135 0.08424908424908426
2 0.05386840202458424 0.3492063492063492 0.05133767172812726 0.08302808302808302
2 0.1005061460592914 0.1446886446886447 0.05061460592913955 0.08180708180708181
2 0.09833694866232827 0.2673992673992674 0.052060737527114966 0.08547008547008547
2 0.1012292118582791 0.34554334554334554 0.05061460592913955 0.08547008547008547
2 0.14461315979754158 0.14774114774114774 0.05061460592913955 0.08791208791208792
2 0.1467823571945047 0.26373626373626374 0.04772234273318872 0.08302808302808302
2 0.146059291395517 0.3431013431013431 0.052060737527114966 0.08547008547008547
2 0.19233550253073028 0.14957264957264957 0.05350686912509038 0.08669108669108669
2 0.19197396963123645 0.26373626373626374 0.05133767172812726 0.08058608058608059
2 0.19269703543022415 0.3431013431013431 0.05133767172812726 0.08058608058608059
2 0.2809110629067245 0.14407814407814407 0.049891540130151846 0.07814407814407814
2 0.2816341287057122 0.2258852258852259 0.049891540130151846 0.08547008547008547
2 0.27910339840925524 0.3302808302808303 0.05061460592913955 0.07936507936507936
2 0.2812725958062184 0.40964590964590963 0.049168474331164135 0.08180708180708181
2 0.33007953723788863 0.1452991452991453 0.05133767172812726 0.07814407814407814
2 0.3297180043383948 0.22344322344322345 0.052060737527114966 0.0757020757020757
2 0.3304410701373825 0.3327228327228327 0.05350686912509038 0.07692307692307693
2 0.32827187274041936 0.409035409035409 0.049168474331164135 0.08547008547008547
2 0.406001446131598 0.14774114774114774 0.05133767172812726 0.0757020757020757
2 0.40853217642805495 0.2216117216117216 0.052060737527114966 0.07692307692307693
2 0.4081706435285611 0.34676434676434675 0.05133767172812726 0.0757020757020757
2 0.4081706435285611 0.4249084249084249 0.05278380332610268 0.08302808302808302
2 0.4544468546637744 0.1446886446886447 0.04844540853217643 0.07692307692307693
2 0.4544468546637744 0.22283272283272285 0.04844540853217643 0.08424908424908426
2 0.4544468546637744 0.34676434676434675 0.04844540853217643 0.08302808302808302
2 0.4544468546637744 0.42246642246642246 0.04844540853217643 0.08302808302808302
2 0.5401301518438177 0.14590964590964592 0.052060737527114966 0.07692307692307693
2 0.5401301518438177 0.22893772893772893 0.052060737527114966 0.09157509157509157
2 0.5401301518438177 0.3778998778998779 0.052060737527114966 0.08180708180708181
2 0.5401301518438177 0.4554334554334554 0.052060737527114966 0.08058608058608059
2 0.586767895878525 0.14713064713064714 0.049891540130151846 0.07936507936507936
2 0.586767895878525 0.2264957264957265 0.049891540130151846 0.08180708180708181
2 0.586767895878525 0.3711843711843712 0.049891540130151846 0.08302808302808302
2 0.586767895878525 0.4548229548229548 0.049891540130151846 0.09401709401709402
2 0.6315979754157628 0.14590964590964592 0.046999276934201015 0.08180708180708181
2 0.6301518438177874 0.2271062271062271 0.0455531453362256 0.08058608058608059
2 0.6735357917570499 0.1446886446886447 0.0455531453362256 0.07936507936507936
2 0.6735357917570499 0.2216117216117216 0.0455531453362256 0.07692307692307693
2 0.6735357917570499 0.32967032967032966 0.0455531453362256 0.08058608058608059
2 0.6735357917570499 0.4072039072039072 0.0455531453362256 0.08180708180708181
2 0.6735357917570499 0.4884004884004884 0.0455531453362256 0.08302808302808302
2 0.7216196673897325 0.14285714285714285 0.052060737527114966 0.0757020757020757
2 0.7216196673897325 0.2216117216117216 0.052060737527114966 0.07692307692307693
2 0.7216196673897325 0.32967032967032966 0.052060737527114966 0.08058608058608059
2 0.7216196673897325 0.4072039072039072 0.052060737527114966 0.08180708180708181
2 0.7216196673897325 0.4884004884004884 0.052060737527114966 0.08302808302808302
2 0.8007953723788864 0.14285714285714285 0.05133767172812726 0.0757020757020757
2 0.8007953723788864 0.24847374847374848 0.05133767172812726 0.07936507936507936
2 0.8007953723788864 0.43833943833943834 0.05133767172812726 0.08058608058608059
2 0.8007953723788864 0.5073260073260073 0.05133767172812726 0.07692307692307693
2 0.8477946493130875 0.14285714285714285 0.049891540130151846 0.0757020757020757
2 0.8477946493130875 0.24847374847374848 0.049891540130151846 0.07936507936507936
2 0.8477946493130875 0.43833943833943834 0.049891540130151846 0.08058608058608059
2 0.8477946493130875 0.5073260073260073 0.049891540130151846 0.07692307692307693
2 0.8947939262472885 0.14285714285714285 0.049891540130151846 0.0757020757020757
2 0.8947939262472885 0.24847374847374848 0.049891540130151846 0.07936507936507936
2 0.8947939262472885 0.43833943833943834 0.049891540130151846 0.08058608058608059
2 0.8947939262472885 0.5073260073260073 0.049891540130151846 0.07692307692307693
2 0.9417932031814895 0.14041514041514042 0.05278380332610268 0.08058608058608059
2 0.940708604483008 0.24786324786324787 0.05061460592913955 0.09035409035409035
2 0.940708604483008 0.4358974358974359 0.04772234273318872 0.0757020757020757
