2 0.7794552989934873 0.2665692007797271 0.055062166962699825 0.08284600389863547
2 0.827708703374778 0.26169590643274854 0.06039076376554174 0.0847953216374269
2 0.8706335109532267 0.2309941520467836 0.056246299585553584 0.08187134502923976
2 0.7608052101835405 0.34990253411306044 0.06039076376554174 0.09551656920077972
2 0.8114268798105387 0.35233918128654973 0.0586145648312611 0.09064327485380116
2 0.8664890467732386 0.34990253411306044 0.0586145648312611 0.08382066276803118
2 0.7341622261693309 0.44541910331384016 0.04262877442273535 0.07602339181286549
2 0.7332741267021906 0.5058479532163743 0.04440497335701599 0.07017543859649122
2 0.7720544701006513 0.44639376218323584 0.044997039668442866 0.0682261208576998
2 0.7723505032563647 0.5082846003898636 0.04440497335701599 0.06725146198830409
2 0.8191237418590882 0.48050682261208577 0.06098283007696862 0.0935672514619883
2 0.7323860272350503 0.5755360623781677 0.04262877442273535 0.06725146198830409
2 0.7335701598579041 0.6388888888888888 0.04262877442273535 0.07309941520467836
2 0.7708703374777975 0.5769980506822612 0.04262877442273535 0.06432748538011696
2 0.7717584369449378 0.6398635477582846 0.04440497335701599 0.07309941520467836
2 0.8081705150976909 0.5789473684210527 0.04262877442273535 0.07017543859649122
2 0.8093546477205447 0.6379142300194932 0.044997039668442866 0.07115009746588694
2 0.844582593250444 0.580896686159844 0.04085257548845471 0.06237816764132553
2 0.8442865600947306 0.6320662768031189 0.03907637655417407 0.057504873294346975
2 0.7320899940793368 0.7115009746588694 0.045589105979869746 0.07602339181286549
2 0.7687981053878035 0.7085769980506823 0.04440497335701599 0.07602339181286549
2 0.8066903493191238 0.7095516569200779 0.04203670811130847 0.0682261208576998
2 0.844582593250444 0.7095516569200779 0.04440497335701599 0.07407407407407407
2 0.7744227353463587 0.7958089668615984 0.056838365896980464 0.09259259259259259
2 0.835109532267614 0.8001949317738791 0.06098283007696862 0.09161793372319688
1 0.14416814683244522 0.21150097465886938 0.03256364712847839 0.11695906432748537
1 0.12936648904677323 0.5921052631578947 0.06571936056838366 0.09649122807017543
1 0.29869745411486087 0.5745614035087719 0.04914150384843102 0.1023391812865497
1 0.4467140319715808 0.10282651072124756 0.04085257548845471 0.10038986354775828
1 0.5882178804026051 0.097953216374269 0.04322084073416223 0.07894736842105263
