2 0.20998980632008155 0.2264516129032258 0.0326197757390418 0.04774193548387097
2 0.2415902140672783 0.19548387096774195 0.034658511722731905 0.04258064516129032
2 0.2686034658511723 0.23225806451612904 0.03363914373088685 0.04387096774193548
2 0.2344546381243629 0.26387096774193547 0.034658511722731905 0.04258064516129032
2 0.4836901121304791 0.5109677419354839 0.03363914373088685 0.04129032258064516
2 0.5790010193679919 0.46903225806451615 0.0326197757390418 0.04516129032258064
2 0.6605504587155964 0.4367741935483871 0.03669724770642202 0.04774193548387097
2 0.6778797145769623 0.4806451612903226 0.034658511722731905 0.05032258064516129
2 0.8481141692150866 0.6161290322580645 0.0326197757390418 0.05032258064516129
2 0.8690112130479103 0.6619354838709678 0.03160040774719674 0.04645161290322581
2 0.9072375127420998 0.6716129032258065 0.03669724770642202 0.05290322580645161
