2 0.8611971104231166 0.6440903054448871 0.04437564499484004 0.06108897742363878
2 0.8343653250773994 0.5571049136786188 0.04643962848297214 0.0650730411686587
2 0.8142414860681114 0.6195219123505976 0.043343653250773995 0.06241699867197875
2 0.7471620227038184 0.48339973439575035 0.043343653250773995 0.06108897742363878
2 0.7296181630546955 0.5438247011952191 0.043343653250773995 0.06241699867197875
2 0.6924664602683178 0.4747675962815405 0.043343653250773995 0.0650730411686587
2 0.6656346749226006 0.5272244355909694 0.0392156862745098 0.055776892430278883
2 0.5572755417956656 0.35391766268260294 0.03715170278637771 0.05179282868525897
2 0.542827657378741 0.4037184594953519 0.03715170278637771 0.05046480743691899
2 0.5201238390092879 0.3346613545816733 0.03715170278637771 0.05312084993359894
2 0.5046439628482973 0.3844621513944223 0.0392156862745098 0.049136786188579015
2 0.48761609907120745 0.4355909694555113 0.038183694530443756 0.05312084993359894
2 0.27296181630546956 0.18193891102257637 0.025799793601651185 0.034528552456839307
2 0.2631578947368421 0.2098273572377158 0.02476780185758514 0.034528552456839307
