2 0.1293402777777778 0.17694566813509544 0.046875 0.06901615271659324
2 0.1875 0.16299559471365638 0.050347222222222224 0.07342143906020558
2 0.3051215277777778 0.2591776798825257 0.04600694444444445 0.07782672540381791
2 0.4644097222222222 0.2444933920704846 0.041666666666666664 0.06607929515418502
2 0.4644097222222222 0.2966226138032305 0.041666666666666664 0.06167400881057269
2 0.4657118055555556 0.355359765051395 0.0390625 0.06461086637298091
2 0.44140625 0.4353891336270191 0.04774305555555555 0.08370044052863436
2 0.4418402777777778 0.5102790014684288 0.046875 0.08076358296622614
2 0.4830729166666667 0.4368575624082232 0.04774305555555555 0.08370044052863436
2 0.4861111111111111 0.5117474302496329 0.046875 0.07488986784140969
2 0.52734375 0.4368575624082232 0.04774305555555555 0.08076358296622614
2 0.5282118055555556 0.5117474302496329 0.051215277777777776 0.08370044052863436
2 0.5807291666666666 0.40748898678414097 0.03298611111111111 0.048458149779735685
2 0.6098090277777778 0.40822320117474303 0.033854166666666664 0.05286343612334802
2 0.5959201388888888 0.4720998531571219 0.04774305555555555 0.07195301027900147
2 0.7282986111111112 0.23715124816446403 0.052083333333333336 0.07488986784140969
