4 0.06907037358818419 0.16717557251908396 0.035621198957428324 0.08396946564885496
4 0.10512597741094701 0.15572519083969466 0.04170286707211121 0.08244274809160305
4 0.1159860990443093 0.23740458015267177 0.04083405734144222 0.0900763358778626
4 0.1520417028670721 0.21603053435114503 0.038227628149435276 0.07786259541984733
4 0.19113814074717636 0.20687022900763358 0.04170286707211121 0.08091603053435115
4 0.12510860121633363 0.3251908396946565 0.03996524761077324 0.08854961832061069
4 0.16377063423110338 0.29847328244274807 0.046046915725456126 0.08091603053435115
4 0.20243266724587317 0.29465648854961835 0.045178105994787145 0.07633587786259542
4 0.24283231972198088 0.28549618320610687 0.046046915725456126 0.07633587786259542
4 0.17158992180712423 0.38702290076335877 0.046046915725456126 0.08396946564885496
4 0.2150304083405734 0.3900763358778626 0.04778453518679409 0.08396946564885496
4 0.2576020851433536 0.3916030534351145 0.04778453518679409 0.08396946564885496
4 0.3149435273675065 0.33969465648854963 0.05647263249348393 0.0900763358778626
4 0.20981754995655952 0.5541984732824428 0.052997393570807995 0.10381679389312977
4 0.3014769765421373 0.5618320610687023 0.05386620330147698 0.10381679389312977
4 0.4326672458731538 0.6061068702290077 0.04170286707211121 0.07022900763358779
4 0.6364031277150304 0.39083969465648855 0.046046915725456126 0.08244274809160305
4 0.6781059947871416 0.3702290076335878 0.04952215464813206 0.08396946564885496
4 0.7202432667245873 0.3793893129770992 0.045178105994787145 0.08091603053435115
4 0.7580364900086881 0.3946564885496183 0.04952215464813206 0.08702290076335878
4 0.656385751520417 0.4862595419847328 0.04083405734144222 0.08091603053435115
4 0.6937445699391833 0.48091603053435117 0.044309296264118156 0.08244274809160305
4 0.7337098175499566 0.47480916030534354 0.04257167680278019 0.09465648854961832
4 0.8622936576889662 0.6106870229007634 0.044309296264118156 0.0732824427480916
