3 0.733366935483871 0.13 0.09576612903225806 0.12666666666666668
3 0.46018145161290325 0.08166666666666667 0.09375 0.10666666666666667
3 0.5085685483870968 0.2025 0.08971774193548387 0.12833333333333333
3 0.43850806451612906 0.855 0.10685483870967742 0.15333333333333332
3 0.14818548387096775 0.7658333333333334 0.11693548387096774 0.16166666666666665
4 0.19405241935483872 0.42333333333333334 0.06149193548387097 0.09
4 0.22731854838709678 0.43916666666666665 0.05141129032258065 0.08833333333333333
4 0.2595766129032258 0.4533333333333333 0.055443548387096774 0.09
4 0.2918346774193548 0.4675 0.057459677419354836 0.09166666666666666
4 0.3125 0.3425 0.05443548387096774 0.09166666666666666
4 0.34526209677419356 0.35833333333333334 0.05141129032258065 0.08666666666666667
