9 0.8913398692810458 0.148224043715847 0.10620915032679738 0.06967213114754098
9 0.7663398692810458 0.2527322404371585 0.09803921568627451 0.05737704918032787
9 0.7998366013071896 0.35655737704918034 0.09967320261437909 0.0546448087431694
9 0.9035947712418301 0.39344262295081966 0.09803921568627451 0.03551912568306011
9 0.7181372549019608 0.4207650273224044 0.11274509803921569 0.06557377049180328
9 0.5555555555555556 0.412568306010929 0.1111111111111111 0.0546448087431694
9 0.5179738562091504 0.48155737704918034 0.10784313725490197 0.05327868852459016
9 0.34558823529411764 0.5245901639344263 0.09313725490196079 0.04918032786885246
9 0.37826797385620914 0.3469945355191257 0.10620915032679738 0.060109289617486336
9 0.3619281045751634 0.2103825136612022 0.09640522875816994 0.060109289617486336
