9 0.753968253968254 0.12410329985652797 0.025793650793650792 0.06456241032998565
9 0.8963293650793651 0.381635581061693 0.026785714285714284 0.0746054519368723
9 0.9320436507936508 0.4053084648493544 0.026785714285714284 0.0703012912482066
9 0.7038690476190477 0.5932568149210904 0.0248015873015873 0.06743185078909612
9 0.6964285714285714 0.3651362984218077 0.025793650793650792 0.06456241032998565
9 0.6354166666666666 0.6578192252510761 0.022817460317460316 0.06743185078909612
9 0.435515873015873 0.35437589670014347 0.051587301587301584 0.043041606886657105
9 0.35267857142857145 0.1915351506456241 0.022817460317460316 0.0703012912482066
9 0.29811507936507936 0.6262553802008608 0.022817460317460316 0.07890961262553801
9 0.2847222222222222 0.727403156384505 0.023809523809523808 0.06886657101865136
9 0.27331349206349204 0.8206599713055954 0.020833333333333332 0.06599713055954089
9 0.6622023809523809 0.40100430416068866 0.022817460317460316 0.06743185078909612
9 0.37450396825396826 0.035868005738880916 0.028769841269841268 0.06312769010043041
9 0.36259920634920634 0.11190817790530846 0.030753968253968252 0.06599713055954089
9 0.3447420634920635 0.26757532281205165 0.030753968253968252 0.06456241032998565
9 0.31646825396825395 0.4598278335724534 0.027777777777777776 0.06456241032998565
9 0.6959325396825397 0.07317073170731707 0.0248015873015873 0.07173601147776183
9 0.7445436507936508 0.20014347202295552 0.0248015873015873 0.0703012912482066
9 0.6696428571428571 0.3113342898134864 0.025793650793650792 0.07173601147776183
9 0.25992063492063494 0.9239598278335724 0.021825396825396824 0.08034433285509325
