9 0.27425373134328357 0.7586206896551724 0.05037313432835821 0.040229885057471264
9 0.3903917910447761 0.8125 0.028917910447761194 0.07902298850574713
9 0.34701492537313433 0.34123563218390807 0.027985074626865673 0.07327586206896551
9 0.5200559701492538 0.14727011494252873 0.04757462686567164 0.04741379310344827
9 0.6781716417910447 0.21192528735632185 0.04664179104477612 0.04454022988505747
9 0.11287313432835822 0.036637931034482756 0.04664179104477612 0.035919540229885055
9 0.45755597014925375 0.1235632183908046 0.0457089552238806 0.04310344827586207
9 0.9081156716417911 0.21551724137931033 0.04757462686567164 0.04310344827586207
9 0.9626865671641791 0.23563218390804597 0.04477611940298507 0.040229885057471264
9 0.2789179104477612 0.8024425287356322 0.054104477611940295 0.027298850574712645
