9 0.8875739644970414 0.8190406976744186 0.04930966469428008 0.059593023255813955
9 0.43096646942800787 0.4251453488372093 0.04930966469428008 0.050872093023255814
9 0.3870808678500986 0.3851744186046512 0.048323471400394474 0.055232558139534885
9 0.2938856015779093 0.30450581395348836 0.04930966469428008 0.05377906976744186
9 0.1854043392504931 0.17078488372093023 0.05325443786982249 0.04796511627906977
9 0.3111439842209073 0.5087209302325582 0.03648915187376726 0.06686046511627906
9 0.23717948717948717 0.4440406976744186 0.05226824457593689 0.05377906976744186
9 0.1858974358974359 0.40261627906976744 0.046351084812623275 0.04941860465116279
9 0.2485207100591716 0.26744186046511625 0.047337278106508875 0.06976744186046512
9 0.4921104536489152 0.4796511627906977 0.04339250493096647 0.05813953488372093
9 0.5498027613412229 0.5268895348837209 0.04240631163708087 0.0625
9 0.16715976331360946 0.438953488372093 0.04043392504930966 0.05813953488372093
9 0.22238658777120315 0.4811046511627907 0.048323471400394474 0.06686046511627906
