9 0.88124410933082 0.6931818181818182 0.05089538171536286 0.05397727272727273
9 0.39255419415645615 0.875 0.03110273327049953 0.06818181818181818
9 0.43873704052780393 0.7471590909090909 0.029217719132893498 0.06818181818181818
9 0.553722902921772 0.4552556818181818 0.05372290292177191 0.05539772727272727
9 0.6343072573044298 0.4247159090909091 0.02827521206409048 0.07954545454545454
9 0.4288407163053723 0.2741477272727273 0.033930254476908575 0.07386363636363637
9 0.2855796418473139 0.21661931818181818 0.043355325164938736 0.05539772727272727
9 0.6738925541941565 0.06747159090909091 0.03204524033930255 0.05539772727272727
9 0.6955702167766258 0.078125 0.03204524033930255 0.05397727272727273
9 0.732799245994345 0.10298295454545454 0.03110273327049953 0.06676136363636363
9 0.7813383600377003 0.14275568181818182 0.033930254476908575 0.08096590909090909
9 0.882186616399623 0.22017045454545456 0.030160226201696512 0.07102272727272728
9 0.9081055607917059 0.2315340909090909 0.03298774740810556 0.07954545454545454
9 0.9321394910461829 0.2571022727272727 0.02827521206409048 0.07386363636363637
9 0.9557021677662583 0.2784090909090909 0.030160226201696512 0.06534090909090909
9 0.1239396795475966 0.04616477272727273 0.04429783223374175 0.06960227272727272
9 0.15127238454288408 0.3309659090909091 0.04052780395852969 0.06534090909090909
9 0.49858623939679547 0.4119318181818182 0.03770028275212064 0.05113636363636364
9 0.6852026390197926 0.7542613636363636 0.033930254476908575 0.07386363636363637
9 0.7097078228086711 0.7805397727272727 0.03770028275212064 0.08096590909090909
9 0.8242224316682375 0.6427556818181818 0.04241281809613572 0.04971590909090909
9 0.7577756833176249 0.11292613636363637 0.03958529688972667 0.08380681818181818
9 0.46842601319509897 0.6740056818181818 0.04147031102733271 0.08096590909090909
