9 0.6115241635687733 0.8512747875354107 0.046468401486988845 0.056657223796033995
9 0.7815985130111525 0.5077903682719547 0.05018587360594796 0.05240793201133145
9 0.862453531598513 0.3590651558073654 0.022304832713754646 0.07507082152974505
9 0.8889405204460966 0.3286118980169972 0.02509293680297398 0.07365439093484419
9 0.9186802973977695 0.28895184135977336 0.02509293680297398 0.0821529745042493
9 0.8954460966542751 0.11968838526912182 0.039962825278810406 0.07790368271954674
9 0.8424721189591078 0.21458923512747877 0.05111524163568773 0.03824362606232295
9 0.6779739776951673 0.4546742209631728 0.056691449814126396 0.036827195467422094
9 0.6236059479553904 0.5318696883852692 0.05390334572490706 0.03824362606232295
9 0.5938661710037175 0.56657223796034 0.048327137546468404 0.036827195467422094
9 0.6482342007434945 0.1813031161473088 0.0362453531598513 0.0708215297450425
9 0.6277881040892194 0.2046742209631728 0.03810408921933085 0.06657223796033994
9 0.5827137546468402 0.24787535410764872 0.03903345724907063 0.0708215297450425
9 0.5655204460966543 0.2719546742209632 0.032527881040892194 0.06515580736543909
9 0.5441449814126395 0.29249291784702547 0.03810408921933085 0.06940509915014165
9 0.525092936802974 0.31586402266288954 0.03903345724907063 0.07365439093484419
9 0.5055762081784386 0.34490084985835695 0.03717472118959108 0.06373937677053824
9 0.4837360594795539 0.4440509915014164 0.041821561338289966 0.060906515580736544
9 0.48977695167286245 0.4773371104815864 0.03903345724907063 0.053824362606232294
9 0.5097583643122676 0.5070821529745042 0.039962825278810406 0.056657223796033995
9 0.5311338289962825 0.5509915014164306 0.02509293680297398 0.0764872521246459
9 0.5599442379182156 0.5396600566572238 0.02137546468401487 0.06232294617563739
9 0.5808550185873605 0.5021246458923513 0.024163568773234202 0.07790368271954674
9 0.487453531598513 0.5906515580736544 0.04368029739776952 0.06232294617563739
9 0.4679368029739777 0.5488668555240793 0.039962825278810406 0.05524079320113314
9 0.4474907063197026 0.5283286118980169 0.047397769516728624 0.0679886685552408
9 0.4298327137546468 0.4985835694050991 0.04553903345724907 0.06515580736543909
9 0.4144981412639405 0.46742209631728043 0.05204460966542751 0.06232294617563739
9 0.40148698884758366 0.43059490084985835 0.048327137546468404 0.053824362606232294
9 0.391728624535316 0.3895184135977337 0.04368029739776952 0.053824362606232294
9 0.38382899628252787 0.34490084985835695 0.040892193308550186 0.04107648725212465
9 0.37267657992565056 0.3052407932011331 0.05018587360594796 0.046742209631728045
9 0.354089219330855 0.4978753541076487 0.05390334572490706 0.046742209631728045
9 0.3447955390334573 0.5616147308781869 0.03903345724907063 0.05240793201133145
9 0.39730483271375466 0.6175637393767706 0.0604089219330855 0.0764872521246459
9 0.43029739776951675 0.32223796033994334 0.03903345724907063 0.06657223796033994
9 0.45399628252788105 0.2953257790368272 0.03810408921933085 0.06657223796033994
9 0.4962825278810409 0.2535410764872521 0.03345724907063197 0.06232294617563739
9 0.5148698884758365 0.23158640226628896 0.03345724907063197 0.060906515580736544
9 0.5325278810408922 0.20538243626062322 0.03717472118959108 0.0764872521246459
9 0.5548327137546468 0.18838526912181303 0.03717472118959108 0.0679886685552408
9 0.574814126394052 0.16147308781869688 0.03810408921933085 0.0764872521246459
9 0.5278810408921933 0.10764872521246459 0.03903345724907063 0.07365439093484419
9 0.4851301115241636 0.16076487252124647 0.031598513011152414 0.060906515580736544
9 0.46189591078066916 0.17988668555240794 0.03345724907063197 0.06232294617563739
9 0.4186802973977695 0.22025495750708216 0.0362453531598513 0.06940509915014165
9 0.3949814126394052 0.24079320113314448 0.03903345724907063 0.0764872521246459
9 0.13011152416356878 0.5920679886685553 0.026022304832713755 0.08781869688385269
9 0.2016728624535316 0.6196883852691218 0.027881040892193308 0.060906515580736544
9 0.45539033457249073 0.6805949008498584 0.046468401486988845 0.06940509915014165
9 0.5120817843866171 0.6458923512747875 0.048327137546468404 0.031161473087818695
9 0.5599442379182156 0.6451841359773371 0.04553903345724907 0.029745042492917848
9 0.5841078066914498 0.6083569405099151 0.04368029739776952 0.029745042492917848
9 0.4804832713754647 0.9638810198300283 0.040892193308550186 0.06373937677053824
9 0.6068773234200744 0.47592067988668557 0.024163568773234202 0.056657223796033995
9 0.6370817843866171 0.4412181303116147 0.023234200743494422 0.060906515580736544
9 0.6533457249070632 0.4964589235127479 0.05018587360594796 0.03541076487252125
9 0.6881970260223048 0.3548158640226629 0.023234200743494422 0.06373937677053824
9 0.703996282527881 0.4178470254957507 0.05111524163568773 0.031161473087818695
9 0.5464684014869888 0.08144475920679886 0.03717472118959108 0.05524079320113314
9 0.5724907063197026 0.0679886685552408 0.031598513011152414 0.056657223796033995
9 0.5975836431226765 0.13526912181303116 0.03345724907063197 0.05807365439093484
9 0.866635687732342 0.17705382436260622 0.047397769516728624 0.039660056657223795
9 0.8094795539033457 0.2528328611898017 0.05204460966542751 0.03541076487252125
9 0.7546468401486989 0.9065155807365439 0.040892193308550186 0.0764872521246459
9 0.4628252788104089 0.3888101983002833 0.04275092936802974 0.060906515580736544
9 0.48605947955390333 0.36756373937677056 0.03531598513011153 0.05524079320113314
