9 0.07275254865616311 0.17185289957567185 0.04911955514365153 0.03818953323903819
9 0.3934198331788693 0.5601131541725601 0.025023169601482854 0.0876944837340877
9 0.2715477293790547 0.847949080622348 0.05560704355885079 0.03536067892503536
9 0.3433734939759036 0.8422913719943423 0.047265987025023166 0.03536067892503536
9 0.5945319740500463 0.8401697312588402 0.04355885078776645 0.036775106082036775
9 0.6543095458758109 0.8380480905233381 0.051899907321594066 0.03818953323903819
9 0.6992585727525487 0.7213578500707214 0.04355885078776645 0.033946251768033946
9 0.8470806302131604 0.7065063649222065 0.04633920296570899 0.03536067892503536
9 0.9012974976830399 0.7022630834512023 0.04911955514365153 0.03253182461103253
9 0.6408711770157554 0.7291371994342292 0.04911955514365153 0.03253182461103253
9 0.20342910101946246 0.8500707213578501 0.05097312326227989 0.033946251768033946
