9 0.9385321100917431 0.7271448663853727 0.029357798165137616 0.05907172995780591
9 0.8899082568807339 0.5822784810126582 0.03486238532110092 0.06751054852320675
9 0.8307339449541284 0.43248945147679324 0.03211009174311927 0.06610407876230662
9 0.2426605504587156 0.2559774964838256 0.043119266055045874 0.05907172995780591
9 0.11513761467889909 0.8741209563994374 0.044954128440366975 0.06891701828410689
9 0.34908256880733946 0.12658227848101267 0.03944954128440367 0.053445850914205346
9 0.7458715596330275 0.20042194092827004 0.03486238532110092 0.052039381153305204
9 0.7784403669724771 0.2918424753867792 0.03394495412844037 0.05485232067510549
9 0.8055045871559633 0.360056258790436 0.03302752293577982 0.06188466947960619
9 0.918348623853211 0.6617440225035162 0.03669724770642202 0.06047819971870605
