9 0.47425093632958804 0.8931623931623932 0.03089887640449438 0.05413105413105413
9 0.48829588014981273 0.8568376068376068 0.03838951310861423 0.06695156695156695
9 0.5163857677902621 0.8005698005698005 0.047752808988764044 0.07407407407407407
9 0.5341760299625468 0.7742165242165242 0.03838951310861423 0.06125356125356125
9 0.7790262172284644 0.47863247863247865 0.03932584269662921 0.07122507122507123
9 0.550561797752809 0.5035612535612536 0.03745318352059925 0.06125356125356125
9 0.475187265917603 0.3789173789173789 0.04588014981273408 0.05698005698005698
9 0.49297752808988765 0.344017094017094 0.042134831460674156 0.05555555555555555
9 0.7031835205992509 0.2777777777777778 0.04119850187265917 0.05413105413105413
9 0.7532771535580525 0.2207977207977208 0.040262172284644196 0.04843304843304843
9 0.8066479400749064 0.15954415954415954 0.05149812734082397 0.06267806267806268
9 0.33146067415730335 0.6609686609686609 0.03932584269662921 0.05698005698005698
9 0.4559925093632959 0.41951566951566954 0.03745318352059925 0.04700854700854701
