9 0.7694898941289702 0.3137535816618911 0.04908565928777671 0.04871060171919771
9 0.5543792107795957 0.3660458452722063 0.026948989412897015 0.08452722063037249
9 0.45476419634263715 0.417621776504298 0.02791145332050048 0.07593123209169055
9 0.4629451395572666 0.5071633237822349 0.032723772858517804 0.10315186246418338
9 0.4754571703561116 0.7084527220630372 0.026948989412897015 0.07879656160458452
9 0.253609239653513 0.22134670487106017 0.05678537054860443 0.055873925501432664
9 0.1867179980750722 0.44126074498567336 0.032723772858517804 0.07163323782234957
9 0.17276227141482195 0.6561604584527221 0.03176130895091434 0.07449856733524356
9 0.12993262752646775 0.6081661891117478 0.032723772858517804 0.07020057306590258
9 0.07747834456207892 0.578080229226361 0.03368623676612127 0.07020057306590258
9 0.10250240615976901 0.12106017191977077 0.05101058710298364 0.044412607449856735
9 0.09624639076034648 0.15830945558739254 0.04619826756496631 0.04154727793696275
9 0.09143407122232916 0.2020057306590258 0.04427333974975938 0.04871060171919771
9 0.08902791145332051 0.24785100286532952 0.04716073147256978 0.05157593123209169
9 0.35274302213666986 0.08237822349570201 0.03368623676612127 0.07879656160458452
