( 108, 60),( 192,154),1 
( 204, 58),( 313,160),1 
( 327, 46),( 432,151),1 
( 444, 69),( 543,169),1 
( 556, 91),( 651,181),1 
( 658, 67),( 765,172),1 
( 792, 81),( 882,172),1 
( 903, 57),(1032,180),1 
(1035, 70),(1140,184),1 
(1146, 78),(1251,181),1 
(  48,222),( 160,321),1 
( 106,493),( 207,577),1 
( 103,607),( 220,703),1 
( 106,727),( 205,814),1 
( 780,470),( 835,528),3 
( 815,520),( 870,570),3 
( 730,500),( 790,558),3 
( 760,550),( 815,604),3 
( 660,545),( 706,590),3 
( 690,592),( 736,638),3 
( 618,572),( 664,615),3 
( 650,620),( 692,665),3 
( 578,600),( 620,641),3 
( 606,646),( 650,690),3 
( 488,485),( 528,520),3 
( 470,450),( 500,485),3 
