(  34,120),(  95,189),1 
( 104,119),( 163,184),1 
( 172,111),( 230,175),1 
( 243,113),( 300,175),1 
( 307,108),( 369,170),1 
( 377,101),( 439,162),1 
( 450, 94),( 503,156),1 
( 508, 88),( 562,143),1 
( 644, 88),( 695,152),1 
( 702, 80),( 754,143),1 
( 763, 77),( 815,139),1 
( 826, 80),( 882,143),1 
( 885, 74),( 939,137),1 
( 942, 69),( 998,131),1 
(1005, 65),(1059,127),1 
(1073, 66),(1123,126),1 
(  84,274),( 140,343),1 
( 287,264),( 356,336),1 
( 372,268),( 419,332),1 
( 607,252),( 668,306),1 
( 746,223),( 814,294),1 
( 899,235),( 951,296),1 
( 959,220),(1026,290),1 
(1034,225),(1091,288),1 
(1106,211),(1157,277),1 
( 795,334),( 878,391),1 
