(  39,120),( 108,197),1 
( 135,114),( 207,189),1 
( 218,113),( 286,178),1 
( 298,110),( 366,188),1 
( 382,113),( 449,187),1 
( 597,101),( 669,175),1 
( 774, 97),( 844,166),1 
( 938, 83),(1002,157),1 
( 965, 31),(1047, 94),1 
(  82,488),( 150,544),1 
( 165,461),( 234,535),1 
( 244,450),( 325,549),1 
( 349,456),( 432,550),1 
( 462,446),( 543,544),1 
( 595,439),( 682,530),1 
( 695,440),( 780,535),1 
( 805,435),( 887,530),1 
( 907,419),(1007,532),1 
(1014,432),(1068,487),1 
( 478,214),( 546,290),1 
( 475,350),( 544,398),1 
