( 409,192),( 478,258),3 
( 483,189),( 555,258),3 
( 598,192),( 670,262),3 
( 598,261),( 663,330),3 
( 709,114),( 787,186),3 
( 706,192),( 780,262),3 
( 685,264),( 757,333),3 
( 834,102),( 916,177),3 
( 837,181),( 916,253),3 
( 832,258),( 913,333),3 
( 958,100),(1036,178),3 
( 957,178),(1036,253),3 
( 954,258),(1035,337),3 
(1087,103),(1168,178),3 
(1089,181),(1170,256),3 
(1090,259),(1170,336),3 
(1195, 97),(1260,156),3 
(1198,153),(1264,213),3 
( 409,520),( 492,603),3 
( 409,601),( 493,676),3 
( 504,525),( 588,603),3 
( 507,600),( 588,675),3 
( 235,709),( 324,795),3 
( 253,789),( 334,873),3 
( 321,706),( 399,792),3 
( 331,811),( 402,883),3 
( 384,768),( 450,837),3 
( 460,717),( 532,786),3 
( 507,774),( 567,834),3 
( 456,810),( 535,883),3 
( 594,721),( 682,801),3 
( 594,799),( 681,879),3 
( 699,717),( 777,792),3 
( 694,796),( 774,874),3 
( 783,751),( 879,828),3 
( 700,369),( 781,450),3 
( 699,451),( 781,529),3 
( 700,529),( 789,609),3 
( 705,606),( 781,672),3 
( 834,375),( 921,451),3 
( 829,451),( 913,531),3 
( 838,529),( 916,607),3 
( 835,610),( 909,678),3 
( 955,373),(1041,451),3 
( 957,451),(1038,529),3 
(1108,381),(1185,457),3 
