( 201, 67),( 267,130),3 
( 201,135),( 267,202),3 
( 201,241),( 267,303),3 
( 201,309),( 267,378),3 
( 262, 62),( 326,128),3 
( 262,136),( 326,201),3 
( 262,241),( 326,303),3 
( 262,309),( 326,378),3 
( 206,451),( 265,519),3 
( 206,537),( 265,607),3 
( 206,645),( 265,711),3 
( 206,723),( 265,781),3 
( 267,451),( 331,519),3 
( 267,537),( 331,607),3 
( 267,645),( 331,711),3 
( 267,723),( 331,781),3 
( 331,451),( 396,519),3 
( 331,537),( 396,607),3 
( 331,645),( 396,711),3 
( 331,723),( 396,781),3 
( 396,451),( 460,519),3 
( 396,537),( 460,607),3 
( 396,645),( 460,711),3 
( 396,723),( 460,781),3 
( 532,133),( 600,195),3 
( 532,205),( 600,267),3 
( 668, 64),( 732,127),3 
( 668,138),( 732,198),3 
( 668,192),( 732,254),3 
( 668,250),( 732,315),3 
( 668,310),( 732,369),3 
( 729, 64),( 800,127),3 
( 729,138),( 800,198),3 
( 729,192),( 800,254),3 
( 729,250),( 800,315),3 
( 729,310),( 800,369),3 
( 534,453),( 598,514),3 
( 534,538),( 598,603),3 
( 534,645),( 598,712),3 
( 600,453),( 661,514),3 
( 600,538),( 661,603),3 
( 600,645),( 661,712),3 
( 664,453),( 728,514),3 
( 664,538),( 728,603),3 
( 664,645),( 728,712),3 
( 730,453),( 794,514),3 
( 730,538),( 794,603),3 
( 730,645),( 794,712),3 
(1084,189),(1144,254),3 
(1146,189),(1208,254),3 
(1060,454),(1122,518),3 
(1129,454),(1191,518),3 
(1058,536),(1118,597),3 
(1129,536),(1191,597),3 
(1050,639),(1114,703),3 
(1128,639),(1196,703),3 
