0 0.07855126999059266 0.502542372881356 0.07431796801505174 0.1271186440677966
0 0.31185324553151456 0.6042372881355932 0.07431796801505174 0.14745762711864407
0 0.37770460959548446 0.48135593220338985 0.07808090310442145 0.13220338983050847
0 0.4468485418626529 0.3525423728813559 0.07149576669802446 0.12542372881355932
0 0.5136406396989652 0.2271186440677966 0.07337723424270931 0.1288135593220339
0 0.5827845719661335 0.11864406779661017 0.0761994355597366 0.13220338983050847
0 0.7295390404515522 0.17372881355932204 0.06679209783631232 0.1271186440677966
0 0.6566321730950141 0.5347457627118644 0.07149576669802446 0.13728813559322034
0 0.9068673565380997 0.3516949152542373 0.08090310442144873 0.16440677966101694
0 0.8405456255879586 0.652542372881356 0.09501411100658513 0.17966101694915254
