0 0.1 0.8801587301587301 0.09803921568627451 0.1253968253968254
0 0.26715686274509803 0.6706349206349206 0.07745098039215687 0.09365079365079365
0 0.2897058823529412 0.7944444444444444 0.07352941176470588 0.09047619047619047
0 0.3137254901960784 0.926984126984127 0.09411764705882353 0.12063492063492064
0 0.2122549019607843 0.23492063492063492 0.08137254901960785 0.12380952380952381
0 0.4931372549019608 0.08095238095238096 0.0784313725490196 0.13333333333333333
0 0.5583333333333333 0.25476190476190474 0.09509803921568627 0.11587301587301588
0 0.48333333333333334 0.42857142857142855 0.08235294117647059 0.13015873015873017
0 0.7985294117647059 0.6166666666666667 0.08137254901960785 0.11587301587301588
0 0.9137254901960784 0.5174603174603175 0.0803921568627451 0.13968253968253969
2 0.4068627450980392 0.6436507936507937 0.054901960784313725 0.0746031746031746
2 0.42254901960784313 0.7261904761904762 0.054901960784313725 0.06507936507936508
2 0.44019607843137254 0.8063492063492064 0.050980392156862744 0.06031746031746032
2 0.48823529411764705 0.6015873015873016 0.06274509803921569 0.0761904761904762
2 0.5122549019607843 0.7015873015873015 0.06372549019607843 0.07936507936507936
2 0.5446078431372549 0.553968253968254 0.06372549019607843 0.07936507936507936
2 0.5696078431372549 0.6515873015873016 0.06470588235294118 0.08412698412698413
2 0.6313725490196078 0.49444444444444446 0.056862745098039215 0.06507936507936508
2 0.6504901960784314 0.5761904761904761 0.05784313725490196 0.06349206349206349
2 0.6691176470588235 0.653968253968254 0.05588235294117647 0.07301587301587302
