0 0.06831275720164609 0.4978540772532189 0.05432098765432099 0.18454935622317598
0 0.151440329218107 0.5987124463519313 0.07078189300411522 0.16738197424892703
0 0.1765432098765432 0.7178111587982833 0.03868312757201646 0.148068669527897
0 0.2366255144032922 0.7113733905579399 0.04691358024691358 0.1351931330472103
0 0.30987654320987656 0.674892703862661 0.060082304526748974 0.1781115879828326
0 0.44609053497942386 0.47639484978540775 0.07736625514403292 0.21888412017167383
0 0.5399176954732511 0.4624463519313305 0.07901234567901234 0.19957081545064378
0 0.6839506172839506 0.6394849785407726 0.07901234567901234 0.23605150214592274
0 0.820164609053498 0.5246781115879828 0.06337448559670782 0.18240343347639484
0 0.9016460905349795 0.4248927038626609 0.07489711934156379 0.2317596566523605
