0 0.11061946902654868 0.11395101171458999 0.061946902654867256 0.10010649627263046
0 0.19063421828908556 0.11608093716719915 0.0803834808259587 0.10862619808306709
0 0.27986725663716816 0.10489882854100106 0.07743362831858407 0.11182108626198083
0 0.3639380530973451 0.12673056443024494 0.07300884955752213 0.10649627263045794
0 0.4450589970501475 0.1448349307774228 0.0700589970501475 0.09584664536741214
0 0.5247050147492626 0.12726304579339723 0.07890855457227139 0.11182108626198083
0 0.6172566371681416 0.13471778487752928 0.06637168141592921 0.09691160809371673
0 0.713495575221239 0.12619808306709265 0.09513274336283185 0.13099041533546327
0 0.8019911504424779 0.13525026624068157 0.07743362831858407 0.12140575079872204
0 0.8838495575221239 0.13791267305644303 0.07743362831858407 0.10969116080937168
0 0.07669616519174041 0.28913738019169327 0.08259587020648967 0.10543130990415335
0 0.11541297935103245 0.56975505857295 0.07448377581120944 0.08945686900958466
0 0.11910029498525074 0.6975505857294995 0.08628318584070796 0.10223642172523961
0 0.11467551622418878 0.8205537806176784 0.07300884955752213 0.0926517571884984
2 0.5955014749262537 0.531416400425985 0.04056047197640118 0.0617678381256656
2 0.6213126843657817 0.5804046858359957 0.04056047197640118 0.05324813631522897
2 0.56047197640118 0.5633652822151225 0.04424778761061947 0.0617678381256656
2 0.5807522123893806 0.6144834930777423 0.04056047197640118 0.05750798722044728
2 0.5036873156342183 0.6043663471778488 0.03392330383480826 0.04792332268370607
2 0.525811209439528 0.6549520766773163 0.03392330383480826 0.04898828541001065
2 0.47271386430678464 0.6320553780617678 0.03392330383480826 0.04579339723109691
2 0.4948377581120944 0.6842385516506923 0.030973451327433628 0.04792332268370607
2 0.441740412979351 0.6608093716719915 0.030973451327433628 0.043663471778487756
2 0.4631268436578171 0.711395101171459 0.032448377581120944 0.046858359957401494
2 0.3746312684365782 0.5351437699680511 0.029498525073746312 0.03727369542066028
2 0.35766961651917406 0.49787007454739085 0.022123893805309734 0.03727369542066028
