0 0.050595238095238096 0.3411764705882353 0.04846938775510204 0.1450980392156863
0 0.16581632653061223 0.3362745098039216 0.04591836734693878 0.12745098039215685
0 0.22831632653061223 0.3362745098039216 0.06887755102040816 0.1588235294117647
0 0.3018707482993197 0.33431372549019606 0.05102040816326531 0.11960784313725491
0 0.4685374149659864 0.296078431372549 0.05782312925170068 0.13725490196078433
0 0.6760204081632653 0.2911764705882353 0.05952380952380952 0.13529411764705881
0 0.8937074829931972 0.25392156862745097 0.047619047619047616 0.12352941176470589
0 0.8903061224489796 0.07450980392156863 0.0663265306122449 0.10196078431372549
0 0.05739795918367347 0.6666666666666666 0.05357142857142857 0.14901960784313725
0 0.2453231292517007 0.6333333333333333 0.058673469387755105 0.1450980392156863
0 0.3171768707482993 0.6264705882352941 0.047619047619047616 0.1392156862745098
0 0.4897959183673469 0.6 0.05782312925170068 0.14901960784313725
0 0.5676020408163265 0.5872549019607843 0.058673469387755105 0.14705882352941177
0 0.6500850340136054 0.7196078431372549 0.055272108843537414 0.12941176470588237
0 0.7835884353741497 0.7794117647058824 0.06717687074829932 0.11176470588235295
0 0.8686224489795918 0.5627450980392157 0.05697278911564626 0.1450980392156863
0 0.9379251700680272 0.5519607843137255 0.05782312925170068 0.1588235294117647
