0 0.05375 0.3635294117647059 0.050833333333333335 0.1623529411764706
0 0.11125 0.3564705882352941 0.049166666666666664 0.15294117647058825
0 0.1675 0.33647058823529413 0.04833333333333333 0.15058823529411763
0 0.22625 0.3388235294117647 0.0475 0.14588235294117646
0 0.2816666666666667 0.3270588235294118 0.051666666666666666 0.14588235294117646
0 0.34 0.30941176470588233 0.051666666666666666 0.14352941176470588
0 0.39708333333333334 0.29411764705882354 0.04416666666666667 0.14588235294117646
0 0.44583333333333336 0.27176470588235296 0.045 0.12941176470588237
0 0.5579166666666666 0.2823529411764706 0.0425 0.15058823529411763
0 0.6066666666666667 0.26235294117647057 0.043333333333333335 0.14823529411764705
0 0.6575 0.2541176470588235 0.043333333333333335 0.14588235294117646
0 0.7116666666666667 0.26235294117647057 0.04666666666666667 0.14823529411764705
0 0.76 0.24823529411764705 0.045 0.14823529411764705
0 0.8083333333333333 0.23529411764705882 0.04666666666666667 0.14588235294117646
0 0.86 0.22588235294117648 0.045 0.14588235294117646
0 0.915 0.22588235294117648 0.041666666666666664 0.1411764705882353
0 0.09333333333333334 0.7258823529411764 0.04666666666666667 0.1623529411764706
0 0.2679166666666667 0.7058823529411765 0.0575 0.16941176470588235
0 0.32958333333333334 0.7058823529411765 0.03916666666666667 0.15058823529411763
0 0.53125 0.6564705882352941 0.050833333333333335 0.12705882352941175
0 0.65 0.6082352941176471 0.056666666666666664 0.16705882352941176
0 0.7708333333333334 0.6247058823529412 0.043333333333333335 0.14352941176470588
0 0.8270833333333333 0.6 0.05583333333333333 0.16470588235294117
0 0.8854166666666666 0.6035294117647059 0.0475 0.14823529411764705
0 0.9429166666666666 0.5741176470588235 0.0425 0.15529411764705883
0 0.6970833333333334 0.8529411764705882 0.06916666666666667 0.13411764705882354
