0 0.07964601769911504 0.3627450980392157 0.04523107177974434 0.11764705882352941
0 0.21583087512291052 0.35490196078431374 0.05604719764011799 0.12156862745098039
0 0.283677482792527 0.3029411764705882 0.0599803343166175 0.1392156862745098
0 0.4896755162241888 0.29215686274509806 0.04523107177974434 0.11372549019607843
0 0.5521140609636185 0.25392156862745097 0.07571288102261553 0.14705882352941177
0 0.6209439528023599 0.26176470588235295 0.046214355948869225 0.11176470588235295
0 0.6937069813176008 0.22647058823529412 0.0855457227138643 0.17058823529411765
0 0.8058013765978368 0.19411764705882353 0.09341199606686332 0.17647058823529413
0 0.9154375614552606 0.22549019607843138 0.07866273352999016 0.14901960784313725
0 0.8972468043264503 0.6401960784313725 0.07374631268436578 0.10784313725490197
