0 0.10875842155919153 0.17565485362095531 0.07507218479307026 0.1633281972265023
0 0.10875842155919153 0.4476117103235747 0.08277189605389798 0.13097072419106318
0 0.12319538017324351 0.7534668721109399 0.1039461020211742 0.14791987673343607
0 0.28537054860442734 0.15254237288135594 0.07795957651588066 0.14175654853620956
0 0.363330125120308 0.3366718027734977 0.0875842155919153 0.13405238828967642
0 0.36092396535129934 0.47303543913713403 0.1039461020211742 0.13559322033898305
0 0.3652550529355149 0.6117103235747303 0.08180943214629452 0.1325115562403698
0 0.3787295476419634 0.889060092449923 0.08373435996150144 0.1325115562403698
0 0.6424446583253128 0.2033898305084746 0.07988450433108758 0.1140215716486903
0 0.6400384985563041 0.3289676425269646 0.07892204042348412 0.13713405238828968
0 0.6631376323387873 0.5878274268104776 0.1039461020211742 0.15562403697996918
0 0.7820019249278152 0.11556240369799692 0.0741097208854668 0.1448382126348228
0 0.8676612127045236 0.423728813559322 0.10490856592877768 0.14175654853620956
0 0.87776708373436 0.6887519260400616 0.1039461020211742 0.1325115562403698
