0 0.16291532690246516 0.09826589595375723 0.10289389067524116 0.11271676300578035
0 0.15916398713826366 0.23265895953757226 0.10610932475884244 0.11271676300578035
0 0.15594855305466238 0.3684971098265896 0.09967845659163987 0.11271676300578035
0 0.16345123258306538 0.5 0.08467309753483387 0.08092485549132948
0 0.16237942122186494 0.638728323699422 0.0932475884244373 0.09826589595375723
0 0.1602357984994641 0.7673410404624278 0.10182207931404073 0.12138728323699421
0 0.15862808145766344 0.903179190751445 0.10503751339764202 0.11849710982658959
0 0.37566988210075025 0.07297687861271676 0.09753483386923902 0.12861271676300579
0 0.36977491961414793 0.24927745664739884 0.09003215434083602 0.10838150289017341
0 0.36763129689174706 0.4393063583815029 0.09217577706323687 0.1069364161849711
0 0.3687031082529475 0.5953757225433526 0.10289389067524116 0.12427745664739884
0 0.3692390139335477 0.7528901734104047 0.10182207931404073 0.12138728323699421
0 0.3745980707395498 0.9039017341040463 0.0932475884244373 0.11705202312138728
0 0.6286173633440515 0.07153179190751445 0.09967845659163987 0.10838150289017341
0 0.627545551982851 0.23554913294797689 0.0932475884244373 0.10982658959537572
0 0.6270096463022508 0.42485549132947975 0.09646302250803858 0.12138728323699421
0 0.5514469453376206 0.6192196531791907 0.09967845659163987 0.12861271676300579
0 0.6264737406216506 0.7658959537572254 0.10182207931404073 0.11271676300578035
0 0.6291532690246516 0.8952312138728323 0.10289389067524116 0.10838150289017341
0 0.8386923901393355 0.2319364161849711 0.0782422293676313 0.08236994219653179
