0 0.1 0.46176470588235297 0.05701357466063348 0.08235294117647059
0 0.167420814479638 0.46911764705882353 0.047058823529411764 0.10294117647058823
0 0.23574660633484162 0.44632352941176473 0.05520361990950226 0.09852941176470588
0 0.3054298642533937 0.4522058823529412 0.05339366515837104 0.10735294117647058
0 0.4470588235294118 0.4308823529411765 0.05429864253393665 0.09117647058823529
0 0.49095022624434387 0.3411764705882353 0.06425339366515836 0.09117647058823529
0 0.5936651583710407 0.15808823529411764 0.05972850678733032 0.07794117647058824
0 0.6248868778280543 0.06691176470588235 0.06968325791855204 0.09852941176470588
0 0.0746606334841629 0.8117647058823529 0.04796380090497738 0.07941176470588235
0 0.20995475113122172 0.8536764705882353 0.0579185520361991 0.09558823529411764
0 0.3506787330316742 0.8941176470588236 0.049773755656108594 0.058823529411764705
0 0.6624434389140271 0.4772058823529412 0.06515837104072399 0.0838235294117647
0 0.7122171945701358 0.3897058823529412 0.056108597285067875 0.1
0 0.9524886877828054 0.6389705882352941 0.058823529411764705 0.10735294117647058
