0 0.07259713701431493 0.1443850267379679 0.06339468302658487 0.06951871657754011
0 0.11298568507157464 0.2192513368983957 0.07464212678936605 0.08021390374331551
0 0.19989775051124745 0.3716577540106952 0.05214723926380368 0.06684491978609626
0 0.24897750511247443 0.45187165775401067 0.06646216768916155 0.08021390374331551
0 0.40797546012269936 0.32687165775401067 0.034764826175869123 0.04679144385026738
0 0.4591002044989775 0.40975935828877 0.03885480572597137 0.04411764705882353
0 0.4386503067484663 0.7553475935828877 0.0408997955010225 0.06684491978609626
0 0.5173824130879345 0.7092245989304813 0.0408997955010225 0.05481283422459893
0 0.5920245398773006 0.6042780748663101 0.049079754601226995 0.08288770053475936
0 0.6743353783231084 0.8903743315508021 0.05623721881390593 0.08823529411764706
0 0.7341513292433538 0.8241978609625669 0.05521472392638037 0.08689839572192513
