6 0.2666980244590781 0.4874581939799331 0.2756349952963311 0.4397993311036789
4 0.5649106302916275 0.6789297658862876 0.04609595484477893 0.07357859531772576
4 0.5912511759172154 0.7115384615384616 0.04421448730009407 0.08193979933110368
4 0.6161806208842897 0.7424749163879598 0.041392285983066796 0.10033444816053512
4 0.6458137347130762 0.7792642140468228 0.04609595484477893 0.10033444816053512
4 0.6745061147695203 0.8118729096989966 0.043273753527751646 0.09866220735785954
4 0.6984948259642522 0.8403010033444817 0.04045155221072436 0.09531772575250837
4 0.6124176857949201 0.5785953177257525 0.03951081843838194 0.08361204013377926
4 0.6368767638758231 0.6036789297658863 0.03386641580432737 0.08695652173913043
4 0.6627469426152399 0.6354515050167224 0.04233301975540922 0.09698996655518395
4 0.6890874882408279 0.6647157190635451 0.04421448730009407 0.09866220735785954
4 0.7182502351834431 0.6998327759197325 0.04233301975540922 0.09197324414715718
4 0.7436500470366886 0.7290969899665551 0.03857008466603951 0.0903010033444816
3 0.8452492944496708 0.5635451505016722 0.16839134524929444 0.18394648829431437
