7 0.3507259528130672 0.09090909090909091 0.09346642468239565 0.07547169811320754
7 0.455989110707804 0.09948542024013722 0.11705989110707804 0.07204116638078903
7 0.3452813067150635 0.19897084048027444 0.11161524500907441 0.07547169811320754
7 0.4686932849364791 0.17409948542024015 0.1424682395644283 0.09090909090909091
7 0.3371143375680581 0.32675814751286447 0.11887477313974591 0.07375643224699828
7 0.49637023593466423 0.3027444253859348 0.17604355716878403 0.07718696397941681
7 0.3489110707803993 0.444253859348199 0.14065335753176045 0.07204116638078903
7 0.5190562613430127 0.4399656946826758 0.11252268602540835 0.08404802744425385
7 0.4029038112522686 0.5694682675814752 0.2014519056261343 0.051457975986277875
7 0.44464609800362975 0.6689536878216124 0.13611615245009073 0.06174957118353345
7 0.6311252268602541 0.45969125214408235 0.06261343012704174 0.12006861063464837
7 0.5412885662431942 0.7049742710120068 0.05535390199637023 0.14065180102915953
