7 0.046635182998819365 0.39372822299651566 0.043683589138134596 0.14634146341463414
7 0.10920897284533648 0.4024390243902439 0.05076741440377804 0.1672473867595819
7 0.16883116883116883 0.40069686411149824 0.05194805194805195 0.1672473867595819
7 0.23553719008264462 0.39372822299651566 0.048406139315230225 0.1602787456445993
7 0.3040141676505313 0.3893728222996516 0.05076741440377804 0.15853658536585366
7 0.3789846517119244 0.3806620209059233 0.06139315230224321 0.16202090592334495
7 0.4527744982290437 0.37543554006968644 0.06257378984651712 0.17247386759581881
7 0.5324675324675324 0.3702090592334495 0.06611570247933884 0.15853658536585366
7 0.6399055489964581 0.36585365853658536 0.07319952774498228 0.1672473867595819
7 0.7361275088547816 0.3597560975609756 0.09090909090909091 0.18292682926829268
7 0.8612750885478159 0.3606271777003484 0.08382526564344746 0.15331010452961671
7 0.9563164108618654 0.352787456445993 0.07792207792207792 0.15853658536585366
