1 0.1306423611111111 0.09836065573770492 0.07725694444444445 0.03278688524590164
1 0.3888888888888889 0.09687034277198212 0.0798611111111111 0.03576751117734724
1 0.4796006944444444 0.09985096870342772 0.07725694444444445 0.03576751117734724
1 0.05164930555555555 0.18926974664679583 0.04079861111111111 0.11326378539493294
1 0.10286458333333333 0.6564828614008942 0.07899305555555555 0.03427719821162444
1 0.2738715277777778 0.6982116244411326 0.06510416666666667 0.03129657228017884
1 0.4978298611111111 0.9038748137108793 0.0234375 0.13561847988077497
1 0.7356770833333334 0.6661698956780924 0.07378472222222222 0.03576751117734724
1 0.87109375 0.706408345752608 0.05642361111111111 0.09538002980625931
2 0.4800347222222222 0.23099850968703428 0.04513888888888889 0.07749627421758569
2 0.4796006944444444 0.3144560357675112 0.04600694444444445 0.07451564828614009
2 0.4774305555555556 0.3919523099850969 0.04513888888888889 0.07451564828614009
2 0.6019965277777778 0.3166915052160954 0.042534722222222224 0.07302533532041729
2 0.6015625 0.39344262295081966 0.041666666666666664 0.07451564828614009
2 0.6588541666666666 0.3830104321907601 0.046875 0.07749627421758569
2 0.7100694444444444 0.3837555886736215 0.04513888888888889 0.07600596125186289
