1 0.5116988809766022 0.27613104524180965 0.044760935910478125 0.078003120124805
1 0.5996948118006104 0.4095163806552262 0.04577822990844354 0.07644305772230889
1 0.5717192268565615 0.5460218408736349 0.059003051881993895 0.0967238689547582
1 0.5457782299084435 0.5834633385335414 0.06612410986775177 0.10920436817472699
1 0.46897253306205494 0.6817472698907956 0.052899287894201424 0.0904836193447738
2 0.5483214649033571 0.13494539781591264 0.0508646998982706 0.08268330733229329
2 0.6485249237029501 0.11232449297971919 0.05595116988809766 0.0842433697347894
2 0.6307222787385555 0.23478939157566303 0.052899287894201424 0.07956318252730109
2 0.7324516785350966 0.1606864274570983 0.052899287894201424 0.0811232449297972
2 0.7115971515768057 0.3096723868954758 0.05391658189216684 0.08268330733229329
2 0.8255340793489319 0.21684867394695787 0.05391658189216684 0.0842433697347894
2 0.8092573753814852 0.3377535101404056 0.05391658189216684 0.08268330733229329
2 0.7904374364191251 0.4828393135725429 0.052899287894201424 0.07956318252730109
2 0.9140386571719227 0.30577223088923555 0.05595116988809766 0.0811232449297972
2 0.8921668362156663 0.44929797191887677 0.0508646998982706 0.0842433697347894
2 0.7929806714140386 0.4859594383775351 0.05391658189216684 0.08580343213728549
2 0.8631739572736521 0.6731669266770671 0.04984740590030519 0.07956318252730109
2 0.9399796541200407 0.6973478939157566 0.048830111902339775 0.078003120124805
2 0.8504577822990844 0.7472698907956318 0.048830111902339775 0.078003120124805
2 0.9277721261444557 0.7683307332293292 0.048830111902339775 0.07644305772230889
2 0.8377416073245167 0.8307332293291732 0.05188199389623601 0.07956318252730109
2 0.9130213631739573 0.858034321372855 0.04781281790437437 0.0811232449297972
2 0.4420142421159715 0.906396255850234 0.05188199389623601 0.0811232449297972
