1 0.8404689092762487 0.4011627906976744 0.09683995922528033 0.05555555555555555
1 0.3527013251783894 0.5239018087855297 0.02854230377166157 0.09431524547803617
2 0.17227319062181448 0.26744186046511625 0.040774719673802244 0.05167958656330749
2 0.16819571865443425 0.31007751937984496 0.03058103975535168 0.03875968992248062
2 0.1671763506625892 0.35271317829457366 0.03058103975535168 0.03875968992248062
2 0.21406727828746178 0.3049095607235142 0.0509683995922528 0.06976744186046512
2 0.2650356778797146 0.3062015503875969 0.053007135575942915 0.06976744186046512
2 0.20998980632008155 0.3708010335917313 0.053007135575942915 0.06718346253229975
2 0.26146788990825687 0.3733850129198966 0.05606523955147808 0.06976744186046512
2 0.1600407747196738 0.4347545219638243 0.026503567787971458 0.037467700258397935
2 0.18399592252803262 0.43669250645994834 0.027522935779816515 0.04392764857881137
2 0.2069317023445464 0.4392764857881137 0.02854230377166157 0.041343669250646
2 0.23037716615698267 0.4405684754521964 0.026503567787971458 0.041343669250646
2 0.25382262996941896 0.44315245478036175 0.026503567787971458 0.041343669250646
2 0.27879714576962283 0.4437984496124031 0.027522935779816515 0.04521963824289406
