1 0.12191358024691358 0.21169354838709678 0.09979423868312758 0.04704301075268817
1 0.7232510288065843 0.7520161290322581 0.037037037037037035 0.15994623655913978
1 0.8945473251028807 0.6384408602150538 0.04835390946502058 0.12903225806451613
2 0.27469135802469136 0.5725806451612904 0.037037037037037035 0.04838709677419355
2 0.3153292181069959 0.6202956989247311 0.046296296296296294 0.05779569892473118
2 0.30864197530864196 0.5268817204301075 0.037037037037037035 0.051075268817204304
2 0.3477366255144033 0.5752688172043011 0.03909465020576132 0.051075268817204304
2 0.34310699588477367 0.4778225806451613 0.03806584362139918 0.05241935483870968
2 0.38323045267489714 0.5268817204301075 0.040123456790123455 0.04838709677419355
2 0.375 0.4321236559139785 0.03806584362139918 0.05241935483870968
2 0.41512345679012347 0.48051075268817206 0.03806584362139918 0.04973118279569892
2 0.4130658436213992 0.3702956989247312 0.03189300411522634 0.04973118279569892
2 0.4444444444444444 0.40793010752688175 0.03497942386831276 0.04704301075268817
2 0.48302469135802467 0.3635752688172043 0.033950617283950615 0.04435483870967742
2 0.5190329218106996 0.16532258064516128 0.027777777777777776 0.03763440860215054
2 0.6183127572016461 0.17809139784946237 0.03497942386831276 0.05241935483870968
2 0.6435185185185185 0.14516129032258066 0.0360082304526749 0.0456989247311828
2 0.6754115226337448 0.20026881720430106 0.033950617283950615 0.0456989247311828
