2 0.2566550925925926 0.23243801652892562 0.03993055555555555 0.06818181818181818
2 0.3003472222222222 0.2308884297520661 0.041666666666666664 0.07128099173553719
2 0.36689814814814814 0.23450413223140495 0.041666666666666664 0.07231404958677685
2 0.3648726851851852 0.3052685950413223 0.03761574074074074 0.07128099173553719
2 0.43287037037037035 0.15495867768595042 0.04513888888888889 0.0743801652892562
2 0.42997685185185186 0.23450413223140495 0.04282407407407408 0.07231404958677685
2 0.41724537037037035 0.30836776859504134 0.041666666666666664 0.07128099173553719
2 0.5063657407407407 0.1441115702479339 0.047453703703703706 0.07747933884297521
2 0.5072337962962963 0.22417355371900827 0.045717592592592594 0.0743801652892562
2 0.5049189814814815 0.3052685950413223 0.046875 0.07747933884297521
2 0.5769675925925926 0.14359504132231404 0.04513888888888889 0.08057851239669421
2 0.5766782407407407 0.22262396694214875 0.045717592592592594 0.07747933884297521
2 0.5755208333333334 0.30733471074380164 0.046875 0.08161157024793389
2 0.6524884259259259 0.14514462809917356 0.046875 0.07747933884297521
2 0.6536458333333334 0.22572314049586778 0.046875 0.07747933884297521
2 0.6539351851851852 0.30733471074380164 0.046296296296296294 0.07954545454545454
2 0.7103587962962963 0.13068181818181818 0.03761574074074074 0.060950413223140494
2 0.7123842592592593 0.1890495867768595 0.03819444444444445 0.06198347107438017
2 0.26070601851851855 0.5800619834710744 0.048032407407407406 0.08574380165289257
2 0.26099537037037035 0.6596074380165289 0.04861111111111111 0.07747933884297521
2 0.3159722222222222 0.5826446280991735 0.04861111111111111 0.08057851239669421
2 0.3168402777777778 0.6585743801652892 0.046875 0.07747933884297521
2 0.16174768518518517 0.7768595041322314 0.05150462962962963 0.08884297520661157
2 0.16984953703703703 0.8584710743801653 0.046875 0.08677685950413223
2 0.20833333333333334 0.7737603305785123 0.04513888888888889 0.08884297520661157
2 0.2120949074074074 0.875 0.041087962962962965 0.0743801652892562
2 0.24131944444444445 0.8290289256198347 0.03819444444444445 0.07128099173553719
2 0.28703703703703703 0.7763429752066116 0.041666666666666664 0.07128099173553719
2 0.3107638888888889 0.8305785123966942 0.034722222222222224 0.06198347107438017
2 0.2867476851851852 0.8744834710743802 0.045717592592592594 0.07541322314049587
2 0.36921296296296297 0.7861570247933884 0.05092592592592592 0.08264462809917356
2 0.3689236111111111 0.8667355371900827 0.050347222222222224 0.08264462809917356
2 0.4270833333333333 0.7794421487603306 0.04513888888888889 0.07747933884297521
2 0.42476851851851855 0.862603305785124 0.046296296296296294 0.08057851239669421
2 0.4809027777777778 0.815599173553719 0.05555555555555555 0.07954545454545454
2 0.4285300925925926 0.4230371900826446 0.046875 0.08367768595041322
2 0.42824074074074076 0.506198347107438 0.047453703703703706 0.08057851239669421
2 0.4308449074074074 0.5878099173553719 0.05150462962962963 0.08264462809917356
2 0.42997685185185186 0.6601239669421488 0.04398148148148148 0.06818181818181818
2 0.5078125 0.42665289256198347 0.050347222222222224 0.07851239669421488
2 0.5040509259259259 0.5072314049586777 0.04861111111111111 0.08264462809917356
2 0.5075231481481481 0.5867768595041323 0.04513888888888889 0.08057851239669421
2 0.5046296296296297 0.6652892561983471 0.04282407407407408 0.07024793388429752
2 0.5775462962962963 0.4256198347107438 0.04976851851851852 0.08057851239669421
2 0.5772569444444444 0.506198347107438 0.046875 0.08057851239669421
2 0.6634837962962963 0.43285123966942146 0.04456018518518518 0.07851239669421488
