2 0.7165523156089194 0.3418491484184915 0.054030874785591765 0.0827250608272506
2 0.6886792452830188 0.4324817518248175 0.058319039451114926 0.08394160583941605
2 0.6633790737564322 0.5279805352798054 0.057461406518010294 0.0851581508515815
2 0.782590051457976 0.3813868613138686 0.05574614065180103 0.08394160583941605
2 0.7577186963979416 0.4720194647201946 0.054030874785591765 0.0827250608272506
2 0.7277015437392796 0.568734793187348 0.05917667238421955 0.08150851581508516
2 0.847770154373928 0.41849148418491483 0.057461406518010294 0.09002433090024331
2 0.8216123499142367 0.51338199513382 0.051457975986277875 0.0827250608272506
2 0.7950257289879932 0.6052311435523114 0.060034305317324184 0.09124087591240876
2 0.9232418524871355 0.5790754257907542 0.054030874785591765 0.07785888077858881
2 0.9056603773584906 0.6423357664233577 0.058319039451114926 0.09245742092457421
2 0.8872212692967409 0.7037712895377128 0.054030874785591765 0.09124087591240876
2 0.869639794168096 0.767639902676399 0.058319039451114926 0.09002433090024331
