2 0.3955938697318008 0.39683734939759036 0.05747126436781609 0.10090361445783133
2 0.4468390804597701 0.43448795180722893 0.04693486590038314 0.07981927710843373
2 0.49952107279693486 0.4683734939759036 0.04693486590038314 0.0783132530120482
2 0.5699233716475096 0.5045180722891566 0.04789272030651341 0.08132530120481928
2 0.5948275862068966 0.39457831325301207 0.04980842911877394 0.08433734939759036
2 0.6762452107279694 0.4450301204819277 0.04789272030651341 0.07680722891566265
2 0.6843869731800766 0.5082831325301205 0.035440613026819924 0.058734939759036146
2 0.6508620689655172 0.552710843373494 0.04885057471264368 0.07530120481927711
2 0.664272030651341 0.7146084337349398 0.04310344827586207 0.0677710843373494
2 0.5852490421455939 0.7929216867469879 0.03065134099616858 0.05271084337349398
2 0.5450191570881227 0.6174698795180723 0.05172413793103448 0.0783132530120482
2 0.5186781609195402 0.7304216867469879 0.04693486590038314 0.0783132530120482
2 0.47270114942528735 0.579066265060241 0.04693486590038314 0.07680722891566265
2 0.446360153256705 0.6875 0.04789272030651341 0.07981927710843373
2 0.4042145593869732 0.5195783132530121 0.06130268199233716 0.09939759036144578
2 0.3850574712643678 0.6114457831325302 0.04980842911877394 0.08433734939759036
2 0.3682950191570881 0.6927710843373494 0.04885057471264368 0.08132530120481928
2 0.3486590038314176 0.4939759036144578 0.04789272030651341 0.08132530120481928
2 0.33189655172413796 0.5670180722891566 0.04693486590038314 0.07379518072289157
