1 0.3472931562819203 0.18387096774193548 0.0449438202247191 0.06580645161290323
2 0.7589376915219612 0.5361290322580645 0.04290091930541369 0.05290322580645161
2 0.7048008171603677 0.5483870967741935 0.05311542390194075 0.06193548387096774
2 0.6552604698672114 0.5670967741935484 0.054136874361593465 0.06580645161290323
2 0.6062308478038815 0.587741935483871 0.05005107252298264 0.06064516129032258
2 0.5572012257405515 0.607741935483871 0.04800817160367722 0.06193548387096774
2 0.5112359550561798 0.6264516129032258 0.05005107252298264 0.06064516129032258
2 0.4637385086823289 0.6335483870967742 0.028600612870275793 0.03354838709677419
2 0.43922369765066394 0.6425806451612903 0.028600612870275793 0.03354838709677419
2 0.4136874361593463 0.6535483870967742 0.026557711950970377 0.03225806451612903
2 0.4693564862104188 0.667741935483871 0.031664964249233915 0.03483870967741935
2 0.440755873340143 0.6774193548387096 0.031664964249233915 0.03870967741935484
2 0.41266598569969354 0.6903225806451613 0.026557711950970377 0.03612903225806452
2 0.7829417773237998 0.604516129032258 0.05209397344228805 0.06322580645161291
2 0.7318692543411645 0.6225806451612903 0.05209397344228805 0.06064516129032258
2 0.6823289070480082 0.6464516129032258 0.05311542390194075 0.0567741935483871
2 0.6307456588355465 0.6651612903225806 0.05005107252298264 0.05806451612903226
2 0.5566905005107252 0.68 0.03268641470888662 0.03612903225806452
2 0.5286006128702758 0.6916129032258065 0.0296220633299285 0.03612903225806452
2 0.4989785495403473 0.7025806451612904 0.031664964249233915 0.03741935483870968
2 0.4703779366700715 0.7161290322580646 0.0296220633299285 0.03354838709677419
2 0.5684371807967313 0.7174193548387097 0.0296220633299285 0.03870967741935484
2 0.5352400408580184 0.7290322580645161 0.030643513789581207 0.03870967741935484
2 0.507150153217569 0.74 0.0296220633299285 0.03741935483870968
2 0.4780388151174668 0.7529032258064516 0.030643513789581207 0.03741935483870968
2 0.8329928498467825 0.6529032258064517 0.0296220633299285 0.04129032258064516
2 0.8457609805924413 0.687741935483871 0.030643513789581207 0.04129032258064516
2 0.8054136874361594 0.6619354838709678 0.031664964249233915 0.03870967741935484
2 0.8181818181818182 0.6987096774193549 0.03268641470888662 0.04
2 0.7768130745658836 0.6748387096774193 0.0296220633299285 0.03870967741935484
2 0.7900919305413687 0.7096774193548387 0.0296220633299285 0.03870967741935484
2 0.7507660878447395 0.6864516129032258 0.030643513789581207 0.03870967741935484
2 0.763023493360572 0.7225806451612903 0.028600612870275793 0.03870967741935484
2 0.7104187946884576 0.7032258064516129 0.031664964249233915 0.04129032258064516
2 0.6833503575076609 0.7180645161290322 0.028600612870275793 0.04258064516129032
2 0.6547497446373851 0.7296774193548388 0.030643513789581207 0.03741935483870968
2 0.6654749744637385 0.7664516129032258 0.0296220633299285 0.04129032258064516
2 0.6261491317671093 0.7374193548387097 0.03268641470888662 0.04
2 0.6368743615934627 0.7780645161290323 0.031664964249233915 0.03870967741935484
2 0.5970377936670072 0.7516129032258064 0.031664964249233915 0.03741935483870968
2 0.608273748723187 0.7890322580645162 0.0296220633299285 0.04
2 0.557711950970378 0.7716129032258064 0.030643513789581207 0.03612903225806452
2 0.5674157303370787 0.8083870967741935 0.0296220633299285 0.04
2 0.5296220633299284 0.7838709677419354 0.031664964249233915 0.03483870967741935
2 0.5388151174668029 0.8212903225806452 0.031664964249233915 0.04258064516129032
2 0.49948927477017363 0.7980645161290323 0.030643513789581207 0.03741935483870968
2 0.508682328907048 0.8367741935483871 0.028600612870275793 0.03741935483870968
2 0.46833503575076607 0.8096774193548387 0.0296220633299285 0.04
2 0.4790602655771195 0.8496774193548388 0.028600612870275793 0.04258064516129032
