1 0.6352880658436214 0.6357048748353096 0.033950617283950615 0.13043478260869565
2 0.7489711934156379 0.5434782608695652 0.0411522633744856 0.05401844532279315
2 0.801440329218107 0.5513833992094862 0.04526748971193416 0.05401844532279315
2 0.7268518518518519 0.6725955204216074 0.033950617283950615 0.0461133069828722
2 0.76440329218107 0.6785243741765481 0.03497942386831276 0.05006587615283267
2 0.801954732510288 0.6831357048748353 0.0360082304526749 0.048748353096179184
2 0.8513374485596708 0.6930171277997365 0.03806584362139918 0.052700922266139656
2 0.8899176954732511 0.7022397891963109 0.037037037037037035 0.04743083003952569
2 0.9537037037037037 0.7121212121212122 0.03497942386831276 0.05138339920948617
2 0.7222222222222222 0.7200263504611331 0.03497942386831276 0.05138339920948617
2 0.7618312757201646 0.7285902503293807 0.0360082304526749 0.04743083003952569
2 0.8004115226337448 0.7364953886693018 0.03497942386831276 0.04479578392621871
2 0.8497942386831275 0.7450592885375494 0.037037037037037035 0.0461133069828722
2 0.8873456790123457 0.7483530961791831 0.0360082304526749 0.052700922266139656
2 0.9501028806584362 0.7674571805006588 0.03806584362139918 0.05138339920948617
2 0.7196502057613169 0.7700922266139657 0.0360082304526749 0.048748353096179184
2 0.757201646090535 0.7793148880105402 0.03909465020576132 0.048748353096179184
2 0.7957818930041153 0.7852437417654808 0.0360082304526749 0.04479578392621871
2 0.8477366255144033 0.7924901185770751 0.03497942386831276 0.05138339920948617
2 0.8847736625514403 0.8017127799736495 0.03497942386831276 0.05401844532279315
2 0.9583333333333334 0.8326745718050066 0.040123456790123455 0.05533596837944664
2 0.7309670781893004 0.8445322793148881 0.04835390946502058 0.07114624505928854
2 0.7849794238683128 0.8537549407114624 0.04938271604938271 0.07378129117259552
2 0.8410493827160493 0.8662714097496707 0.050411522633744855 0.06719367588932806
2 0.8919753086419753 0.8735177865612648 0.047325102880658436 0.06587615283267458
2 0.9557613168724279 0.8978919631093544 0.03909465020576132 0.05665349143610013
2 0.7253086419753086 0.9137022397891963 0.04526748971193416 0.06982872200263504
2 0.7782921810699589 0.9262187088274044 0.050411522633744855 0.06587615283267458
2 0.8379629629629629 0.9367588932806324 0.050411522633744855 0.06587615283267458
2 0.8904320987654321 0.9479578392621871 0.050411522633744855 0.06719367588932806
2 0.9531893004115226 0.9710144927536232 0.04218106995884774 0.052700922266139656
