2 0.27647657841140527 0.3074018126888218 0.06008146639511202 0.0891238670694864
2 0.3360488798370672 0.3240181268882175 0.059063136456211814 0.09214501510574018
2 0.3935845213849287 0.3323262839879154 0.04989816700610998 0.07854984894259819
2 0.2830957230142566 0.3919939577039275 0.05091649694501019 0.0770392749244713
2 0.33706720977596744 0.4108761329305136 0.05091649694501019 0.0755287009063444
2 0.390020366598778 0.4093655589123867 0.05091649694501019 0.0755287009063444
2 0.46588594704684316 0.46827794561933533 0.04378818737270876 0.06646525679758308
2 0.4210794297352342 0.5 0.04175152749490835 0.06646525679758308
2 0.46028513238289204 0.5347432024169184 0.04073319755600815 0.06646525679758308
2 0.7240325865580448 0.4773413897280967 0.05295315682281059 0.08157099697885196
2 0.780040733197556 0.46827794561933533 0.05295315682281059 0.07250755287009064
2 0.8375763747454175 0.46827794561933533 0.0560081466395112 0.08157099697885196
2 0.7922606924643585 0.5453172205438066 0.05091649694501019 0.07250755287009064
2 0.7235234215885947 0.5740181268882175 0.051934826883910386 0.0755287009063444
