2 0.3207465277777778 0.088 0.033854166666666664 0.0544
2 0.3676215277777778 0.0912 0.03732638888888889 0.0608
2 0.4483506944444444 0.0936 0.025173611111111112 0.0464
2 0.53515625 0.1 0.028645833333333332 0.0496
2 0.5872395833333334 0.1056 0.030381944444444444 0.0544
2 0.6397569444444444 0.1336 0.03125 0.0528
2 0.4709201388888889 0.144 0.021701388888888888 0.0384
2 0.3302951388888889 0.1784 0.033854166666666664 0.0624
2 0.3684895833333333 0.1968 0.035590277777777776 0.048
2 0.4479166666666667 0.196 0.026041666666666668 0.0464
2 0.5355902777777778 0.1856 0.026041666666666668 0.0448
2 0.5872395833333334 0.1896 0.030381944444444444 0.0528
2 0.21875 0.388 0.03125 0.0592
2 0.2669270833333333 0.3512 0.028645833333333332 0.0528
2 0.3064236111111111 0.3904 0.03125 0.0544
2 0.3802083333333333 0.388 0.03125 0.0528
2 0.4262152777777778 0.3856 0.029513888888888888 0.0512
2 0.4761284722222222 0.3856 0.028645833333333332 0.0512
2 0.5217013888888888 0.3864 0.029513888888888888 0.0496
2 0.5750868055555556 0.3904 0.028645833333333332 0.0512
2 0.2074652777777778 0.4824 0.027777777777777776 0.0496
2 0.2547743055555556 0.4744 0.025173611111111112 0.04
2 0.1796875 0.524 0.029513888888888888 0.0464
2 0.2547743055555556 0.5264 0.0234375 0.0416
2 0.3016493055555556 0.5064 0.04079861111111111 0.0688
2 0.3815104166666667 0.4568 0.030381944444444444 0.0528
2 0.4236111111111111 0.46 0.029513888888888888 0.056
2 0.4995659722222222 0.4592 0.026909722222222224 0.0512
2 0.5438368055555556 0.4632 0.026909722222222224 0.0496
2 0.6219618055555556 0.4216 0.028645833333333332 0.0592
2 0.6532118055555556 0.4704 0.030381944444444444 0.0544
2 0.5885416666666666 0.5 0.029513888888888888 0.0528
2 0.3819444444444444 0.5392 0.027777777777777776 0.0512
2 0.4244791666666667 0.5384 0.029513888888888888 0.0528
2 0.48046875 0.5328 0.028645833333333332 0.0416
2 0.5303819444444444 0.5376 0.036458333333333336 0.0512
2 0.13758680555555555 0.64 0.0234375 0.0416
2 0.1714409722222222 0.6384 0.021701388888888888 0.0416
2 0.21223958333333334 0.6128 0.021701388888888888 0.0416
2 0.2543402777777778 0.6048 0.024305555555555556 0.0416
2 0.2903645833333333 0.6048 0.021701388888888888 0.0352
2 0.3155381944444444 0.6056 0.019965277777777776 0.0368
2 0.25390625 0.6568 0.0234375 0.0432
2 0.2912326388888889 0.6536 0.021701388888888888 0.0368
2 0.3159722222222222 0.6544 0.020833333333333332 0.0384
2 0.1323784722222222 0.7528 0.021701388888888888 0.04
2 0.1623263888888889 0.7552 0.022569444444444444 0.0448
2 0.1935763888888889 0.7536 0.022569444444444444 0.0416
2 0.2439236111111111 0.76 0.03298611111111111 0.0576
2 0.28515625 0.7568 0.03211805555555555 0.0608
1 0.4561631944444444 0.8048 0.07725694444444445 0.0288
