2 0.4204152249134948 0.16218236173393125 0.0328719723183391 0.05530642750373692
2 0.47058823529411764 0.16218236173393125 0.0328719723183391 0.05530642750373692
2 0.5082179930795848 0.16218236173393125 0.03373702422145329 0.05530642750373692
2 0.5579584775086506 0.16218236173393125 0.0328719723183391 0.05530642750373692
2 0.6072664359861591 0.16292974588938713 0.0328719723183391 0.053811659192825115
2 0.6461937716262975 0.16143497757847533 0.03460207612456748 0.05680119581464873
2 0.3486159169550173 0.21973094170403587 0.03460207612456748 0.05680119581464873
2 0.4005190311418685 0.21973094170403587 0.03460207612456748 0.05680119581464873
2 0.439878892733564 0.21973094170403587 0.03200692041522491 0.05680119581464873
2 0.48918685121107264 0.21973094170403587 0.03200692041522491 0.05680119581464873
2 0.5393598615916955 0.22122571001494767 0.03200692041522491 0.053811659192825115
2 0.5761245674740484 0.21973094170403587 0.0328719723183391 0.053811659192825115
2 0.6271626297577855 0.22047832585949179 0.0328719723183391 0.052316890881913304
2 0.319636678200692 0.26382660687593423 0.03546712802768166 0.05829596412556054
2 0.319636678200692 0.3333333333333333 0.03546712802768166 0.059790732436472344
1 0.4913494809688581 0.6935724962630793 0.0986159169550173 0.029895366218236172
1 0.8131487889273357 0.7645739910313901 0.06055363321799308 0.10014947683109118
