4 0.23554153522607782 0.16750418760469013 0.10725552050473186 0.06700167504187604
4 0.231335436382755 0.24874371859296482 0.11146161934805468 0.06532663316582915
4 0.22765509989484753 0.3232830820770519 0.11251314405888538 0.06030150753768844
4 0.2213459516298633 0.40703517587939697 0.1167192429022082 0.06700167504187604
4 0.3864353312302839 0.16080402010050251 0.10620399579390116 0.06030150753768844
4 0.3874868559411146 0.23869346733668342 0.11251314405888538 0.06532663316582915
4 0.38801261829652994 0.314070351758794 0.11777076761303891 0.06867671691792294
4 0.38801261829652994 0.3969849246231156 0.11987381703470032 0.07705192629815745
4 0.538906414300736 0.15326633165829145 0.11041009463722397 0.06197654941373534
4 0.5436382754994742 0.22529313232830822 0.11356466876971609 0.06197654941373534
4 0.5467928496319664 0.3073701842546064 0.11356466876971609 0.07202680067001675
4 0.5494216614090431 0.3844221105527638 0.11461619348054679 0.06867671691792294
4 0.6892744479495269 0.1490787269681742 0.11251314405888538 0.06365159128978225
4 0.6971608832807571 0.2219430485762144 0.11356466876971609 0.06197654941373534
4 0.7060988433228181 0.29731993299832493 0.11882229232386961 0.06867671691792294
4 0.713459516298633 0.3760469011725293 0.12092534174553102 0.07537688442211055
