4 0.9479381443298969 0.7612403100775194 0.050515463917525774 0.11782945736434108
4 0.8458762886597938 0.568217054263566 0.042268041237113405 0.10077519379844961
4 0.9484536082474226 0.5806201550387597 0.04742268041237113 0.10387596899224806
4 0.804639175257732 0.4069767441860465 0.03814432989690722 0.08837209302325581
4 0.8855670103092783 0.4131782945736434 0.041237113402061855 0.09147286821705426
4 0.722680412371134 0.26046511627906976 0.03917525773195876 0.09302325581395349
4 0.76340206185567 0.26744186046511625 0.03814432989690722 0.08527131782945736
4 0.8030927835051547 0.2689922480620155 0.03711340206185567 0.08527131782945736
4 0.8556701030927835 0.2751937984496124 0.041237113402061855 0.08527131782945736
4 0.8953608247422681 0.27674418604651163 0.042268041237113405 0.08837209302325581
