4 0.16252955082742318 0.7845849802371542 0.09810874704491726 0.1422924901185771
4 0.21217494089834515 0.7391304347826086 0.09810874704491726 0.1541501976284585
4 0.26891252955082745 0.6768774703557312 0.10047281323877069 0.15217391304347827
4 0.3829787234042553 0.5434782608695652 0.09456264775413711 0.1383399209486166
4 0.42671394799054374 0.4990118577075099 0.09456264775413711 0.12845849802371542
4 0.4710401891252955 0.44960474308300397 0.09810874704491726 0.12845849802371542
4 0.5768321513002365 0.3567193675889328 0.09219858156028368 0.12055335968379446
4 0.6193853427895981 0.3181818181818182 0.09456264775413711 0.12648221343873517
4 0.6613475177304965 0.274703557312253 0.0933806146572104 0.1383399209486166
4 0.6991725768321513 0.23616600790513834 0.09101654846335698 0.116600790513834
4 0.7547281323877069 0.17588932806324112 0.08865248226950355 0.1067193675889328
4 0.7955082742316785 0.13438735177865613 0.08983451536643026 0.1067193675889328
