4 0.20593869731800765 0.8311475409836065 0.06896551724137931 0.08852459016393442
4 0.2332375478927203 0.7778688524590164 0.06609195402298851 0.09016393442622951
4 0.2710727969348659 0.9229508196721311 0.07088122605363985 0.10163934426229508
4 0.30124521072796934 0.8655737704918033 0.06800766283524905 0.09836065573770492
4 0.34434865900383144 0.07622950819672131 0.05268199233716475 0.060655737704918035
4 0.3668582375478927 0.047540983606557376 0.05363984674329502 0.05573770491803279
5 0.38122605363984674 0.7836065573770492 0.08045977011494253 0.10819672131147541
5 0.40900383141762453 0.7262295081967213 0.07854406130268199 0.11147540983606558
5 0.43726053639846746 0.6721311475409836 0.07758620689655173 0.10819672131147541
3 0.5354406130268199 0.14754098360655737 0.08812260536398467 0.10819672131147541
