4 0.10111223458038422 0.36185383244206776 0.03842264914054601 0.12477718360071301
4 0.14812942366026288 0.375222816399287 0.05156723963599596 0.12299465240641712
4 0.2057633973710819 0.3859180035650624 0.055611729019211326 0.11942959001782531
4 0.2522750252780586 0.393048128342246 0.05156723963599596 0.12299465240641712
4 0.30788675429726997 0.4001782531194296 0.04954499494438827 0.11942959001782531
4 0.3543983822042467 0.40641711229946526 0.05358948432760364 0.11764705882352941
4 0.4120323559150657 0.4206773618538324 0.047522750252780584 0.11764705882352941
4 0.4585439838220425 0.428698752228164 0.05156723963599596 0.11942959001782531
4 0.5232558139534884 0.4358288770053476 0.04954499494438827 0.12299465240641712
4 0.5738119312436805 0.4474153297682709 0.05156723963599596 0.12121212121212122
4 0.6309403437815976 0.4554367201426025 0.046511627906976744 0.1265597147950089
4 0.6814964610717897 0.4625668449197861 0.04853387259858443 0.1265597147950089
4 0.7391304347826086 0.47058823529411764 0.046511627906976744 0.1319073083778966
4 0.6309403437815976 0.6773618538324421 0.046511627906976744 0.1497326203208556
4 0.6830131445904954 0.6898395721925134 0.047522750252780584 0.1497326203208556
4 0.7441860465116279 0.6951871657754011 0.05055611729019211 0.1497326203208556
4 0.7957532861476239 0.7058823529411765 0.05055611729019211 0.14260249554367202
