4 0.28556806550665303 0.718989280245023 0.042988741044012284 0.1332312404287902
4 0.33930399181166837 0.7136294027565084 0.04196519959058342 0.12557427258805512
4 0.2507676560900716 0.5367534456355283 0.04094165813715456 0.11485451761102604
4 0.3014329580348004 0.5367534456355283 0.03991811668372569 0.11179173047473201
4 0.3510747185261003 0.5352220520673813 0.04912998976458546 0.11179173047473201
4 0.24411463664278404 0.22664624808575803 0.03582395087001024 0.09188361408882083
4 0.28863868986693964 0.22664624808575803 0.038894575230296824 0.09188361408882083
4 0.330603889457523 0.22664624808575803 0.0368474923234391 0.09188361408882083
4 0.37615148413510746 0.22664624808575803 0.03991811668372569 0.09188361408882083
4 0.44012282497441146 0.17228177641653905 0.0368474923234391 0.09341500765696784
4 0.481064483111566 0.17228177641653905 0.038894575230296824 0.09341500765696784
8 0.9160696008188332 0.2343032159264931 0.15762538382804503 0.18683001531393567
