4 0.2450638792102207 0.5676126878130217 0.0859465737514518 0.08681135225375626
4 0.3252032520325203 0.6519198664440734 0.0859465737514518 0.08514190317195326
4 0.2694541231126597 0.5242070116861436 0.08130081300813008 0.08347245409015025
4 0.351335656213705 0.6101836393989983 0.08246225319396051 0.08848080133555926
4 0.29442508710801396 0.48080133555926546 0.08013937282229965 0.08681135225375626
4 0.37514518002322883 0.5642737896494157 0.0859465737514518 0.08347245409015025
4 0.31823461091753774 0.44156928213689484 0.07665505226480836 0.08848080133555926
4 0.40069686411149824 0.5225375626043406 0.08130081300813008 0.09015025041736227
3 0.5650406504065041 0.6928213689482471 0.1521486643437863 0.2036727879799666
3 0.2229965156794425 0.07846410684474124 0.10452961672473868 0.1001669449081803
5 0.2979094076655052 0.25125208681135225 0.10104529616724739 0.11185308848080133
5 0.3519163763066202 0.17612687813021702 0.09059233449477352 0.10517529215358931
