4 0.46740088105726874 0.9122541603630863 0.07841409691629955 0.10287443267776097
4 0.4370044052863436 0.7534039334341907 0.0722466960352423 0.0907715582450832
4 0.5986784140969162 0.8101361573373677 0.055506607929515416 0.07413010590015129
4 0.5863436123348018 0.31089258698940997 0.044933920704845816 0.059001512859304085
4 0.6140969162995594 0.3615733736762481 0.04405286343612335 0.06354009077155824
4 0.5700440528634361 0.42208774583963693 0.04405286343612335 0.06656580937972768
4 0.6008810572687224 0.4659606656580938 0.04757709251101322 0.06959152798789713
4 0.6215859030837004 0.527231467473525 0.04669603524229075 0.0680786686838124
4 0.5211453744493392 0.48184568835098335 0.039647577092511016 0.06202723146747353
4 0.5559471365638766 0.5310136157337367 0.05110132158590308 0.06354009077155824
4 0.5775330396475771 0.596822995461422 0.048458149779735685 0.07110438729198185
4 0.6 0.6686838124054463 0.04933920704845815 0.06959152798789713
4 0.5083700440528635 0.5953101361573374 0.05638766519823789 0.07413010590015129
4 0.5259911894273128 0.6739788199697428 0.04933920704845815 0.07110438729198185
4 0.547136563876652 0.7488653555219364 0.04757709251101322 0.06656580937972768
