4 0.13663967611336034 0.6601073345259392 0.06680161943319839 0.19320214669051877
4 0.2074898785425101 0.6431127012522362 0.06680161943319839 0.20930232558139536
4 0.2990890688259109 0.6404293381037567 0.06578947368421052 0.18962432915921287
4 0.37196356275303644 0.6288014311270125 0.06578947368421052 0.18425760286225404
4 0.4625506072874494 0.6171735241502684 0.06477732793522267 0.18246869409660108
4 0.5323886639676113 0.610912343470483 0.06477732793522267 0.1806797853309481
4 0.6376518218623481 0.5948121645796064 0.0708502024291498 0.1806797853309481
4 0.7049595141700404 0.5840787119856887 0.07388663967611336 0.1806797853309481
4 0.7742914979757085 0.5769230769230769 0.07489878542510121 0.1735241502683363
4 0.840080971659919 0.5679785330948122 0.07692307692307693 0.1771019677996422
