9 0.33642261353104724 0.49291784702549574 0.05004633920296571 0.053824362606232294
9 0.32947173308619093 0.7521246458923513 0.03429101019462465 0.07365439093484419
9 0.4823911028730306 0.29107648725212465 0.03429101019462465 0.07223796033994334
9 0.6075069508804448 0.21813031161473087 0.047265987025023166 0.053824362606232294
9 0.6404077849860983 0.12960339943342777 0.03892493049119555 0.05524079320113314
9 0.6218721037998146 0.17492917847025496 0.05375347544022243 0.06373937677053824
9 0.6524559777571826 0.0821529745042493 0.03707136237256719 0.0453257790368272
9 0.5936051899907322 0.2535410764872521 0.03614457831325301 0.039660056657223795
9 0.4388322520852641 0.40722379603399433 0.028730305838739572 0.06657223796033994
9 0.41334569045412417 0.48796033994334276 0.027803521779425393 0.06373937677053824
9 0.2747914735866543 0.9135977337110481 0.028730305838739572 0.05099150141643059
9 0.28174235403151066 0.6069405099150141 0.04633920296570899 0.05240793201133145
