9 0.3352219074598678 0.3569384835479256 0.0339943342776204 0.06437768240343347
9 0.3833805476864967 0.22317596566523606 0.0339943342776204 0.0715307582260372
9 0.26864966949952784 0.8297567954220315 0.044381491973559964 0.05436337625178827
9 0.7507082152974505 0.8655221745350501 0.047214353163361665 0.05722460658082976
9 0.8035882908404155 0.8969957081545065 0.049102927289896126 0.045779685264663805
9 0.5939565627950897 0.11301859799713877 0.0453257790368272 0.04005722460658083
9 0.5802644003777149 0.18669527896995708 0.036827195467422094 0.03862660944206009
9 0.5514636449480642 0.21030042918454936 0.04154863078375826 0.04291845493562232
9 0.5387157695939566 0.2396280400572246 0.036827195467422094 0.03862660944206009
9 0.5302171860245515 0.2732474964234621 0.04060434372049103 0.045779685264663805
9 0.5132200188857413 0.3061516452074392 0.04627006610009443 0.05150214592274678
9 0.5018885741265344 0.34120171673819744 0.03871576959395656 0.04721030042918455
9 0.49008498583569404 0.37839771101573677 0.039660056657223795 0.04721030042918455
9 0.4806421152030217 0.40987124463519314 0.03777148253068933 0.04721030042918455
9 0.5245514636449481 0.4313304721030043 0.04627006610009443 0.05293276108726753
9 0.5165250236071766 0.4678111587982833 0.039660056657223795 0.045779685264663805
9 0.46081208687440983 0.47353361945636624 0.04154863078375826 0.05150214592274678
9 0.502360717658168 0.5028612303290415 0.04343720491029273 0.05293276108726753
9 0.29178470254957506 0.47138769670958514 0.03777148253068933 0.06723891273247497
9 0.17563739376770537 0.7746781115879828 0.030217186024551465 0.06151645207439199
9 0.8385269121813032 0.7625178826895566 0.05099150141643059 0.04864091559370529
