9 0.30815569972196477 0.8445558739255015 0.026876737720111215 0.08452722063037249
9 0.30908248378127895 0.752865329512894 0.023169601482854494 0.07306590257879657
9 0.5759962928637627 0.8932664756446992 0.05468025949953661 0.03868194842406877
9 0.33178869323447635 0.5959885386819485 0.05560704355885079 0.04011461318051576
9 0.5268767377201112 0.497134670487106 0.025023169601482854 0.08022922636103152
9 0.6056533827618165 0.4899713467048711 0.025023169601482854 0.07449856733524356
9 0.7696941612604263 0.4863896848137536 0.028730305838739572 0.08739255014326648
9 0.7965708989805376 0.48495702005730656 0.028730305838739572 0.08166189111747851
9 0.8188137164040779 0.4806590257879656 0.025023169601482854 0.07879656160458452
9 0.8405931417979611 0.47636103151862463 0.022242817423540315 0.0673352435530086
9 0.8623725671918443 0.47277936962750716 0.023169601482854494 0.06876790830945559
9 0.9300278035217794 0.3646131805157593 0.025023169601482854 0.06446991404011461
9 0.8030583873957368 0.13681948424068768 0.03429101019462465 0.06160458452722063
9 0.7752548656163114 0.12750716332378223 0.030583873957367932 0.06017191977077364
9 0.4054680259499537 0.8724928366762178 0.047265987025023166 0.03724928366762178
9 0.22613531047265986 0.5157593123209169 0.020389249304911955 0.06876790830945559
9 0.2974976830398517 0.5021489971346705 0.020389249304911955 0.055873925501432664
9 0.34986098239110286 0.5050143266475645 0.028730305838739572 0.07593123209169055
9 0.4976830398517145 0.49641833810888253 0.024096385542168676 0.06160458452722063
9 0.5532900834105653 0.49426934097421205 0.018535681186283594 0.054441260744985676
9 0.5820203892493049 0.498567335243553 0.024096385542168676 0.06303724928366762
9 0.7196478220574606 0.4871060171919771 0.019462465245597776 0.06876790830945559
9 0.7451343836886005 0.48495702005730656 0.020389249304911955 0.06446991404011461
9 0.29935125115848005 0.13896848137535817 0.029657089898053754 0.07449856733524356
9 0.7752548656163114 0.6110315186246418 0.04355885078776645 0.03008595988538682
9 0.9291010194624653 0.15830945558739254 0.019462465245597776 0.0673352435530086
9 0.9323447636700649 0.2786532951289398 0.022242817423540315 0.07020057306590258
9 0.40129749768303985 0.832378223495702 0.04077849860982391 0.03151862464183381
