9 0.17680074836295603 0.5501474926253688 0.04490177736202058 0.058997050147492625
9 0.16978484565014032 0.13495575221238937 0.04957904583723106 0.06932153392330384
9 0.24976613657623947 0.2374631268436578 0.031805425631431246 0.07374631268436578
9 0.2708138447146866 0.26253687315634217 0.03274087932647334 0.07374631268436578
9 0.46117867165575305 0.26253687315634217 0.05612722170252572 0.07964601769911504
9 0.519644527595884 0.5036873156342183 0.03086997193638915 0.0752212389380531
9 0.5673526660430309 0.5501474926253688 0.03274087932647334 0.07374631268436578
9 0.5869971936389149 0.5744837758112095 0.028999064546304958 0.06637168141592921
9 0.7347988774555659 0.6991150442477876 0.028999064546304958 0.06784660766961652
9 0.7726847521047708 0.7514749262536873 0.03367633302151544 0.0752212389380531
9 0.9101964452759589 0.9107669616519174 0.02806361085126286 0.06342182890855458
9 0.8886810102899907 0.20058997050147492 0.031805425631431246 0.07374631268436578
9 0.9387277829747428 0.23303834808259588 0.03274087932647334 0.07079646017699115
9 0.980355472404116 0.27949852507374634 0.031805425631431246 0.0752212389380531
9 0.3606173994387278 0.34513274336283184 0.027128157156220765 0.061946902654867256
9 0.441066417212348 0.4277286135693215 0.025257249766136577 0.05309734513274336
9 0.6150608044901777 0.5759587020648967 0.027128157156220765 0.05752212389380531
9 0.6314312441534145 0.4247787610619469 0.0411599625818522 0.058997050147492625
