0 0.10346487006737247 0.8988294314381271 0.04523580365736285 0.09866220735785954
0 0.1766121270452358 0.5543478260869565 0.05293551491819057 0.06856187290969899
0 0.363330125120308 0.45652173913043476 0.05293551491819057 0.0802675585284281
0 0.5957651588065448 0.15217391304347827 0.03849855630413859 0.07692307692307693
0 0.6414821944177094 0.11204013377926421 0.03176130895091434 0.06688963210702341
0 0.6953801732435033 0.12123745819397994 0.04716073147256978 0.08193979933110368
0 0.7521655437921078 0.2516722408026756 0.03946102021174206 0.051839464882943144
0 0.7252165543792107 0.3511705685618729 0.0548604427333975 0.07023411371237458
0 0.6939364773820982 0.46070234113712377 0.08084696823869104 0.08193979933110368
0 0.6886429258902791 0.6981605351170569 0.06063522617901829 0.09531772575250837
0 0.7613089509143407 0.81438127090301 0.061597690086621755 0.0802675585284281
0 0.8618864292589028 0.06354515050167224 0.06641000962463908 0.07357859531772576
