1 0.0681265206812652 0.8440860215053764 0.035685320356853206 0.0931899641577061
1 0.10462287104622871 0.5618279569892473 0.058394160583941604 0.11648745519713262
1 0.23641524736415248 0.6370967741935484 0.0413625304136253 0.09498207885304659
1 0.2988645579886456 0.22939068100358423 0.038118410381184104 0.11469534050179211
1 0.4472830494728305 0.07616487455197132 0.046228710462287104 0.06272401433691756
1 0.5417680454176804 0.3270609318996416 0.0373073803730738 0.11648745519713262
1 0.5693430656934306 0.49014336917562723 0.06163828061638281 0.0913978494623656
1 0.4407948094079481 0.764336917562724 0.06731549067315491 0.05555555555555555
1 0.6739659367396593 0.13620071684587814 0.0454176804541768 0.05734767025089606
1 0.7343876723438767 0.1935483870967742 0.046228710462287104 0.053763440860215055
1 0.7619626926196269 0.46863799283154123 0.0494728304947283 0.04838709677419355
1 0.7149229521492295 0.8216845878136201 0.05596107055961071 0.12007168458781362
1 0.8292781832927818 0.1550179211469534 0.039740470397404706 0.05913978494623656
1 0.8828061638280617 0.3055555555555556 0.038118410381184104 0.044802867383512544
1 0.9363341443633414 0.2616487455197133 0.0332522303325223 0.06810035842293907
