1 0.09395973154362416 0.15868794326241134 0.04530201342281879 0.06914893617021277
1 0.20134228187919462 0.06914893617021277 0.03691275167785235 0.05673758865248227
1 0.1078020134228188 0.5735815602836879 0.034395973154362415 0.05851063829787234
1 0.34060402684563756 0.19592198581560283 0.03355704697986577 0.0549645390070922
1 0.2822986577181208 0.36347517730496454 0.05285234899328859 0.07801418439716312
1 0.34060402684563756 0.5558510638297872 0.053691275167785234 0.06560283687943262
1 0.584731543624161 0.1702127659574468 0.04194630872483222 0.05319148936170213
1 0.4861577181208054 0.5611702127659575 0.044463087248322146 0.0549645390070922
1 0.6304530201342282 0.7047872340425532 0.061241610738255035 0.06205673758865248
1 0.6925335570469798 0.10815602836879433 0.044463087248322146 0.04609929078014184
1 0.7940436241610739 0.2632978723404255 0.05453020134228188 0.051418439716312055
1 0.9442114093959731 0.1799645390070922 0.07466442953020135 0.047872340425531915
1 0.40604026845637586 0.9521276595744681 0.06040268456375839 0.07092198581560284
