1 0.07395833333333333 0.0885509838998211 0.07291666666666667 0.044722719141323794
1 0.08385416666666666 0.33989266547406083 0.06770833333333333 0.08944543828264759
1 0.019270833333333334 0.5948121645796064 0.030208333333333334 0.06618962432915922
1 0.14895833333333333 0.6771019677996423 0.03958333333333333 0.11270125223613596
1 0.3958333333333333 0.2898032200357782 0.08541666666666667 0.08228980322003578
1 0.3614583333333333 0.7450805008944544 0.08541666666666667 0.1520572450805009
1 0.546875 0.13148479427549195 0.052083333333333336 0.059033989266547404
1 0.6197916666666666 0.5599284436493739 0.04791666666666667 0.15384615384615385
1 0.6052083333333333 0.8604651162790697 0.04583333333333333 0.13237924865831843
1 0.7192708333333333 0.11627906976744186 0.057291666666666664 0.09660107334525939
