1 0.0672834314550042 0.8667262969588551 0.03532380151387721 0.11627906976744186
1 0.22750210260723297 0.4749552772808587 0.021026072329688814 0.07692307692307693
1 0.25651808242220353 0.7513416815742398 0.023549201009251473 0.08944543828264759
1 0.45164003364171573 0.32558139534883723 0.02691337258200168 0.09302325581395349
1 0.42262405382674517 0.774597495527728 0.022708158116063918 0.09660107334525939
1 0.5710681244743482 0.15384615384615385 0.050462573591253154 0.06797853309481217
1 0.5815811606391926 0.3631484794275492 0.031118587047939444 0.06797853309481217
1 0.7960470984020185 0.2504472271914132 0.05803195962994113 0.057245080500894455
1 0.9184188393608074 0.2504472271914132 0.05214465937762826 0.046511627906976744
1 0.6808242220353238 0.5536672629695886 0.04289318755256518 0.11985688729874776
1 0.9028595458368377 0.537567084078712 0.0782169890664424 0.08765652951699464
1 0.900336417157275 0.832737030411449 0.04625735912531539 0.07334525939177101
