1 0.07129000969932105 0.05670926517571885 0.08826382153249272 0.06549520766773163
1 0.06789524733268672 0.12859424920127796 0.06013579049466537 0.05591054313099041
1 0.15518913676042678 0.0950479233226837 0.07177497575169738 0.04952076677316294
1 0.22696411251212414 0.13178913738019168 0.07565470417070805 0.05910543130990415
1 0.2909796314258002 0.26517571884984026 0.09893307468477207 0.08306709265175719
1 0.40979631425800195 0.3738019169329074 0.0921435499515034 0.10223642172523961
1 0.526188166828322 0.36501597444089456 0.07468477206595538 0.08466453674121406
1 0.6445198836081474 0.48482428115015974 0.11154219204655674 0.12619808306709265
1 0.7793404461687682 0.6437699680511182 0.11348205625606207 0.15335463258785942
1 0.7434529582929195 0.7731629392971247 0.09408341416100872 0.17252396166134185
