7 0.12696850393700787 0.5224719101123596 0.12598425196850394 0.1653290529695024
7 0.2140748031496063 0.4438202247191011 0.10531496062992125 0.1653290529695024
7 0.29429133858267714 0.3611556982343499 0.09645669291338582 0.16693418940609953
7 0.3661417322834646 0.29052969502407705 0.08464566929133858 0.13162118780096307
7 0.46062992125984253 0.15569823434991975 0.07874015748031496 0.22150882825040127
7 0.5374015748031497 0.1653290529695024 0.06496062992125984 0.22150882825040127
7 0.5989173228346457 0.16773675762439808 0.06200787401574803 0.2102728731942215
7 0.656496062992126 0.17014446227929375 0.0531496062992126 0.20224719101123595
7 0.7076771653543307 0.16853932584269662 0.045275590551181105 0.2086677367576244
7 0.7554133858267716 0.17656500802568217 0.038385826771653545 0.21187800963081863
7 0.8001968503937008 0.17576243980738362 0.03937007874015748 0.21990369181380418
7 0.843011811023622 0.17736757624398075 0.04232283464566929 0.22632423756019263
7 0.7421259842519685 0.34269662921348315 0.16141732283464566 0.0593900481540931
7 0.7928149606299213 0.41412520064205455 0.2588582677165354 0.08346709470304976
7 0.7903543307086615 0.49919743178170145 0.2578740157480315 0.08667736757624397
7 0.797244094488189 0.593900481540931 0.265748031496063 0.08346709470304976
7 0.7962598425196851 0.702247191011236 0.2795275590551181 0.1043338683788122
7 0.7997047244094488 0.819422150882825 0.29429133858267714 0.10112359550561797
