6 0.5292706333973128 0.45099818511796735 0.3618042226487524 0.2776769509981851
3 0.5249520153550864 0.11070780399274047 0.07485604606525911 0.1161524500907441
3 0.6957773512476008 0.09074410163339383 0.09404990403071017 0.13430127041742287
3 0.9337811900191939 0.5707803992740472 0.07485604606525911 0.12885662431941924
3 0.255278310940499 0.39019963702359345 0.061420345489443376 0.10526315789473684
3 0.15834932821497122 0.7522686025408348 0.1017274472168906 0.16878402903811252
4 0.739443378119002 0.39019963702359345 0.05662188099808062 0.050816696914700546
4 0.744721689059501 0.43103448275862066 0.053742802303262956 0.04900181488203267
4 0.7523992322456814 0.4727767695099819 0.05566218809980806 0.05989110707803993
4 0.760556621880998 0.5190562613430127 0.05662188099808062 0.0544464609800363
