4 0.34565916398713825 0.21144278606965175 0.04394426580921758 0.1111111111111111
4 0.3954983922829582 0.21393034825870647 0.04287245444801715 0.10613598673300166
4 0.4442658092175777 0.21641791044776118 0.04180064308681672 0.1077943615257048
4 0.4946409431939979 0.22056384742951907 0.04608788853161844 0.11276948590381426
4 0.3837084673097535 0.37728026533996684 0.04501607717041801 0.12106135986733002
4 0.43569131832797425 0.3781094527363184 0.04608788853161844 0.11940298507462686
4 0.4887459807073955 0.38308457711442784 0.04715969989281887 0.12271973466003316
4 0.5401929260450161 0.38474295190713104 0.04501607717041801 0.12271973466003316
4 0.590032154340836 0.38971807628524047 0.04823151125401929 0.12603648424543948
4 0.409967845659164 0.5613598673300166 0.05037513397642015 0.1310116086235489
4 0.4608788853161844 0.5655058043117744 0.04930332261521972 0.13266998341625208
4 0.507502679528403 0.5671641791044776 0.05037513397642015 0.13266998341625208
5 0.6103965702036441 0.5323383084577115 0.11682743837084673 0.09950248756218906
